300 150
1 1 1 1 1 1 1 1 1 1 1 1 1 1 1 1 1 1 1 1 1 1 1 1 1 1 1 1 1 1 1 1 1 1 1 1 1 1 1 1 1 1 1 1 1 1 1 1 1 1 1 1 1 1 1 1 1 1 1 1 1 1 1 1 1 1 1 1 1 1 1 1 1 1 1 1 1 1 1 1 1 1 1 1 1 1 1 1 1 1 1 1 1 1 1 1 1 1 1 1 1 1 1 1 1 1 1 1 1 1 1 1 1 1 1 1 1 1 1 1 1 1 1 1 1 1 1 1 1 1 1 1 1 1 1 1 1 1 1 1 1 1 1 1 1 1 1 1 1 1 1 1 1 1 1 1 1 1 1 1 1 1 1 1 1 1 1 1 1 1 1 1 1 1 1 1 1 1 1 1 1 1 1 1 1 1 1 1 1 1 1 1 1 1 1 1 1 1 1 1 1 1 1 1 1 1 1 1 1 1 1 1 1 1 1 1 1 1 1 1 1 1 1 1 1 1 1 1 1 1 1 1 1 1 1 1 1 1 1 1 1 1 1 1 1 1 1 1 1 1 1 1 1 1 1 1 1 1 1 1 1 1 1 1 1 1 1 1 1 1 1 1 1 1 1 1 1 1 1 1 1 1 1 1 1 1 1 1 1 1 1 1 1 1 1 1 1 1 1 1
1 1 1 1 1 1 1 1 1 1 1 1 1 1 1 1 1 1 1 1 1 1 1 1 1 1 1 1 1 1 1 1 1 1 1 1 1 1 1 1 1 1 1 1 1 1 1 1 1 1 1 1 1 1 1 1 1 1 1 1 1 1 1 1 1 1 1 1 1 1 1 1 1 1 1 1 1 1 1 1 1 1 1 1 1 1 1 1 1 1 1 1 1 1 1 1 1 1 1 1 1 1 1 1 1 1 1 1 1 1 1 1 1 1 1 1 1 1 1 1 1 1 1 1 1 1 1 1 1 1 1 1 1 1 1 1 1 1 1 1 1 1 1 1 1 1 1 1 1 1 1 1 1 1 1 1 1 1 1 1 1 1 1 1 1 1 1 1 1 1 1 1 1 1 1 1 1 1 1 1 1 1 1 1 1 1 1 1 1 1 1 1 1 1 1 1 1 1 1 1 1 1 1 1 1 1 1 1 1 1 1 1 1 1 1 1 1 1 1 1 1 1 1 1 1 1 1 1 1 1 1 1 1 1 1 1 1 1 1 1 1 1 1 1 1 1 1 1 1 1 1 1 1 1 1 1 1 1 1 1 1 1 1 1 1 1 1 1 1 1 1 1 1 1 1 1 1 1 1 1 1 1 1 1 1 1 1 1 1 1 1 1 1 1 1 1 1 1 1 1
1 1 0 0 0 0 0 0 0 0 0 0 0 0 0 0 0 0 0 0 0 0 0 0 0 0 0 0 1 1 1 1 1 1 1 1 1 1 1 1 1 1 1 1 1 1 1 1 1 1 1 1 1 1 1 1 1 1 1 1 1 1 1 1 1 1 1 1 1 1 1 1 1 1 1 1 1 1 1 1 1 1 1 1 1 1 1 1 1 1 1 1 1 1 1 1 1 1 1 1 1 1 1 1 1 1 1 1 1 1 1 1 1 1 1 1 1 1 1 1 1 1 1 1 1 1 1 1 1 1 1 1 1 1 1 1 1 1 1 1 1 1 1 1 1 1 1 1 1 1 1 1 1 1 1 1 1 1 1 1 1 1 1 1 1 1 1 1 1 1 1 1 1 1 1 1 1 1 1 1 1 1 1 1 1 1 1 1 1 1 1 1 1 1 1 1 1 1 1 1 1 1 1 1 1 1 1 1 1 1 1 1 1 1 1 1 1 1 1 1 1 1 1 1 1 1 1 1 1 1 1 1 1 1 1 1 1 1 1 1 1 1 1 1 1 1 1 1 1 1 1 1 1 1 1 1 1 1 1 1 1 1 1 1 1 1 1 1 1 1 1 1 1 1 1 1 1 1 1 1 1 1 1 1 1 1 1 1 1 1 1 1 1 1 1 1 1 1 1 1
1 1 0 0 0 0 0 0 0 0 0 0 0 0 0 0 0 0 0 0 0 0 0 0 0 0 0 0 1 1 1 1 1 1 1 1 1 1 1 1 1 1 1 1 1 1 1 1 1 1 1 1 1 1 1 1 1 1 1 1 1 1 1 1 1 1 1 1 1 1 1 1 1 1 1 1 1 1 1 1 1 1 1 1 1 1 1 1 1 1 1 1 1 1 1 1 1 1 1 1 1 1 1 1 1 1 1 1 1 1 1 1 1 1 1 1 1 1 1 1 1 1 1 1 1 1 1 1 1 1 1 1 1 1 1 1 1 1 1 1 1 1 1 1 1 1 1 1 1 1 1 1 1 1 1 1 1 1 1 1 1 1 1 1 1 1 1 1 1 1 1 1 1 1 1 1 1 1 1 1 1 1 1 1 1 1 1 1 1 1 1 1 1 1 1 1 1 1 1 1 1 1 1 1 1 1 1 1 1 1 1 1 1 1 1 1 1 1 1 1 1 1 1 1 1 1 1 1 1 1 1 1 1 1 1 1 1 1 1 1 1 1 1 1 1 1 1 1 1 1 1 1 1 1 1 1 1 1 1 1 1 1 1 1 1 1 1 1 1 1 1 1 1 1 1 1 1 1 1 1 1 1 9 9 9 9 9 9 9 9 9 9 9 9 1 1 1 1 1 1
1 1 0 0 0 0 0 0 0 0 0 0 0 0 0 0 0 0 0 0 0 0 0 0 0 0 0 0 1 1 1 1 1 1 1 1 1 1 1 1 1 1 1 1 1 1 1 1 1 1 1 1 1 1 1 1 1 1 1 1 1 1 1 1 1 1 1 1 1 1 1 1 1 1 1 1 1 1 1 1 1 1 1 1 1 1 1 1 1 1 1 1 1 1 1 1 1 1 1 1 1 1 1 1 1 1 9 9 9 9 9 9 9 9 1 1 1 1 1 1 1 1 1 1 1 1 1 1 1 1 1 1 1 1 1 1 1 1 1 1 1 1 1 1 1 1 1 1 1 1 1 1 1 1 1 1 1 1 1 1 1 1 1 1 1 1 1 1 1 1 1 1 1 1 1 1 1 1 1 1 1 1 1 1 1 1 1 1 1 1 1 1 1 1 1 1 1 1 1 1 1 1 1 1 1 1 1 1 1 1 1 1 1 1 1 1 1 1 1 1 1 1 1 1 1 1 1 1 1 1 1 1 1 1 1 1 1 1 1 1 1 1 1 1 1 1 1 1 1 1 1 1 1 1 1 1 1 1 1 1 1 1 1 1 1 1 1 1 1 1 1 1 1 1 1 1 1 1 1 9 9 9 9 0 0 0 0 0 0 0 0 0 0 9 1 1 1 1 1 1
1 1 0 0 0 0 0 0 0 0 0 0 0 0 0 0 0 0 0 0 0 0 0 0 0 0 0 0 0 33 9 9 9 9 9 9 9 9 9 9 9 9 9 9 9 9 9 9 9 9 9 9 1 1 1 1 1 1 1 1 1 1 1 1 1 1 1 1 1 1 1 1 1 1 1 1 1 1 1 1 1 1 1 1 1 1 1 9 9 9 9 9 9 9 9 9 9 9 9 9 9 9 9 9 9 9 9 0 0 0 0 0 0 9 9 9 9 9 9 9 9 9 9 1 1 1 1 1 1 1 9 9 9 1 1 1 1 1 1 1 1 1 1 1 1 1 1 1 1 1 1 1 1 1 1 1 1 1 1 1 1 1 1 1 9 9 9 9 9 9 9 1 1 1 1 1 1 1 1 1 1 1 1 1 1 1 1 1 9 9 9 9 9 9 9 9 9 9 9 1 1 9 9 9 9 9 9 9 9 9 9 9 9 9 9 9 1 1 1 1 1 1 1 1 1 1 1 1 1 1 1 1 1 1 1 1 1 1 1 1 1 1 1 1 1 1 1 1 1 1 1 1 1 1 1 1 1 1 1 1 1 1 1 1 1 1 1 1 1 1 1 1 1 1 1 1 1 9 9 9 0 0 0 0 0 0 0 0 0 0 0 0 0 9 9 9 1 1 1 1
1 1 0 0 192 0 0 0 192 0 0 0 0 0 0 0 192 0 0 0 0 0 0 0 0 0 0 0 0 33 0 0 0 0 0 0 0 0 0 0 0 0 0 0 0 0 0 0 0 0 0 9 9 9 9 1 1 1 1 1 1 1 1 1 1 1 1 1 1 1 1 1 1 1 1 1 1 1 1 1 1 1 1 1 1 9 9 9 0 0 0 0 0 0 0 0 0 0 0 0 0 0 0 0 0 0 0 0 0 0 0 0 0 0 0 0 0 0 0 0 0 0 9 9 9 9 9 9 9 9 9 0 9 9 9 9 9 9 1 1 1 1 1 1 1 1 1 1 1 1 1 1 1 1 1 1 1 1 1 1 9 9 9 9 9 0 0 0 0 0 9 1 1 1 1 1 1 1 1 1 1 1 1 1 1 1 1 9 9 0 0 0 0 0 0 0 0 0 9 9 9 9 0 0 0 0 0 0 0 0 0 0 0 0 0 9 9 1 1 1 1 1 1 1 1 1 1 1 1 1 1 1 1 1 1 1 1 1 1 1 1 1 1 1 1 1 1 1 1 1 1 1 1 1 1 1 1 1 1 1 1 1 1 1 1 1 1 1 1 1 1 1 1 1 1 1 9 9 0 0 0 0 0 0 0 0 0 0 0 0 0 0 0 0 0 9 9 1 1 1
1 1 0 0 0 0 0 0 0 0 0 0 0 0 0 0 0 0 0 0 0 0 0 0 0 0 0 0 0 33 0 0 0 0 0 0 0 0 0 0 0 0 0 0 0 0 0 0 0 0 0 0 0 0 9 9 9 9 1 1 1 1 1 1 1 1 1 1 1 1 1 1 1 1 1 1 1 1 1 1 1 1 1 1 9 9 0 0 0 0 0 0 0 0 0 0 0 0 0 0 0 0 0 0 0 0 0 0 0 0 0 0 0 0 0 0 0 0 0 0 0 0 0 0 0 0 0 0 0 0 0 0 0 0 0 0 0 9 9 9 9 9 9 1 1 1 1 1 1 1 1 1 1 1 1 1 1 9 9 9 9 0 0 0 0 0 0 0 0 0 9 1 1 1 1 1 1 1 1 1 1 1 1 1 1 1 1 9 0 0 0 0 0 0 0 0 0 0 0 0 0 0 0 0 0 0 0 0 0 0 0 0 0 0 0 0 9 9 1 1 1 1 1 1 1 1 1 1 1 1 1 1 1 1 1 1 1 1 1 1 1 1 1 1 1 1 1 1 1 1 1 1 1 1 1 1 1 1 1 1 1 1 1 1 1 1 1 1 1 1 1 1 1 1 1 9 9 0 0 0 0 0 0 0 0 0 0 0 0 0 0 0 0 0 0 0 9 1 1 1
1 1 0 0 0 0 0 0 0 0 0 0 0 0 0 0 0 0 0 0 0 0 0 0 0 0 0 0 0 33 0 0 0 0 0 0 0 0 0 0 0 0 0 0 0 0 0 0 0 0 0 0 0 0 0 0 0 9 9 9 9 9 9 9 9 9 9 1 1 1 1 1 1 1 1 1 1 1 1 1 1 1 1 1 9 0 0 0 0 0 0 0 0 0 0 0 0 0 0 0 0 0 0 0 0 0 0 0 0 0 0 0 0 0 0 0 0 0 0 0 0 0 0 0 0 0 0 0 0 0 0 0 0 0 0 0 0 0 0 0 0 0 9 9 9 9 9 9 9 9 9 9 9 9 9 9 9 9 0 0 0 0 0 0 0 0 0 0 0 0 9 9 1 1 1 1 1 1 1 1 1 1 1 1 1 1 9 9 0 0 0 0 0 0 0 0 0 0 0 0 0 0 0 0 0 0 0 0 0 0 0 0 0 0 0 0 0 9 9 9 9 1 1 1 1 1 1 1 1 1 1 1 1 1 1 1 1 1 1 1 1 1 1 1 1 1 1 1 1 1 1 1 1 1 1 1 1 1 1 1 1 1 1 1 1 1 1 1 1 1 1 1 1 1 1 9 0 0 0 0 0 0 0 0 0 0 0 0 0 0 0 0 0 0 0 0 9 1 1 1
1 1 0 0 0 0 0 0 0 0 0 0 0 0 0 0 0 0 0 0 0 0 0 0 0 0 0 0 0 33 0 0 0 0 0 0 0 0 0 0 0 0 0 0 0 0 0 0 0 0 0 0 0 0 0 0 0 0 0 0 0 0 0 0 0 0 9 9 9 9 1 1 1 1 1 1 1 1 1 1 1 1 1 9 9 0 0 0 0 0 0 0 0 0 0 0 0 0 0 0 0 0 0 0 0 0 0 0 0 0 0 0 0 0 0 0 0 0 0 0 0 0 0 0 0 0 0 0 0 0 0 0 0 0 0 0 0 0 0 0 0 0 0 0 0 0 0 0 0 0 0 0 0 0 0 0 0 0 0 0 0 0 0 0 0 0 0 0 0 0 0 9 1 1 1 1 1 1 1 1 1 1 1 1 1 9 9 0 0 0 0 0 0 0 0 0 0 0 0 0 0 0 0 0 0 0 0 0 0 0 0 0 0 0 0 0 0 0 0 0 9 9 9 9 1 1 1 1 1 1 1 1 1 1 1 1 1 1 1 1 1 1 1 1 9 9 9 9 9 9 9 9 9 9 9 9 9 9 9 9 9 9 1 1 1 1 1 1 1 1 1 1 1 1 9 9 0 0 0 0 0 0 0 0 0 9 9 9 9 9 9 0 0 0 0 0 9 1 1 1
1 1 0 0 0 0 0 0 0 0 0 0 0 0 0 0 0 0 0 0 0 0 0 0 0 0 0 0 0 33 0 0 0 0 0 0 0 0 0 0 0 0 0 0 0 0 0 0 0 0 0 0 0 0 0 0 0 0 0 0 0 0 0 0 0 0 0 0 0 9 1 1 1 1 1 1 1 1 1 1 1 1 1 9 0 0 0 0 0 0 0 0 0 0 0 0 0 0 0 0 0 0 0 0 0 0 0 0 0 0 0 0 0 0 192 0 0 0 0 0 0 0 0 0 0 0 0 0 0 0 0 0 0 0 0 0 0 0 0 0 0 0 0 0 0 0 0 0 0 0 0 0 0 0 0 0 0 0 0 0 0 0 0 0 0 0 0 0 0 0 0 9 1 1 1 1 1 1 1 1 1 1 1 1 1 9 0 0 0 0 0 0 0 0 0 0 0 0 0 0 0 0 0 0 0 0 0 0 0 0 0 0 0 0 0 0 0 0 0 0 0 0 0 9 9 9 9 9 9 9 9 9 9 9 9 9 9 9 9 9 9 9 9 9 9 0 0 0 0 0 0 0 0 0 0 0 0 0 0 0 0 9 9 1 1 1 1 1 1 1 1 1 1 1 9 0 0 0 0 0 0 0 0 0 0 9 1 1 1 1 9 0 0 0 0 0 9 1 1 1
1 1 0 0 0 0 0 0 0 0 0 0 0 0 0 0 0 0 0 0 0 0 0 0 0 0 0 0 0 33 0 0 0 0 0 0 0 0 0 0 0 0 0 0 0 0 0 0 0 0 0 0 0 0 0 0 0 0 0 0 0 0 0 0 0 0 0 0 0 9 9 1 1 1 1 1 1 1 1 1 1 1 1 9 0 0 0 0 0 0 0 0 0 0 0 0 0 0 0 0 0 0 0 0 0 0 0 0 0 0 0 0 0 1 1 1 0 0 0 0 0 0 0 0 0 0 0 0 0 0 0 0 0 0 0 0 0 0 0 0 0 0 0 0 0 0 0 0 0 0 0 0 0 0 0 0 0 0 0 0 0 0 0 0 0 0 0 0 0 0 0 9 1 1 1 1 1 1 1 1 1 1 1 9 9 9 0 0 0 0 0 0 0 0 0 0 0 0 0 0 0 0 0 0 0 0 0 0 0 0 0 0 0 0 0 0 0 0 0 0 0 0 0 0 0 0 0 0 0 0 0 0 0 0 0 0 0 0 0 0 0 0 0 0 0 0 0 0 0 0 0 0 0 0 0 0 0 0 0 0 0 0 9 9 1 1 1 1 1 1 1 1 1 1 9 0 0 0 0 0 0 0 0 9 9 9 1 1 1 1 9 0 0 0 0 0 9 1 1 1
1 1 1 1 1 1 1 1 1 1 1 1 1 1 1 1 1 1 1 1 0 0 0 0 0 0 0 0 0 33 0 0 0 0 0 0 0 0 0 0 0 0 0 0 0 0 0 0 0 0 0 0 0 0 0 0 0 0 0 0 0 0 0 0 0 0 0 0 0 0 9 9 1 1 1 1 1 1 1 1 1 1 9 9 0 0 0 0 0 0 0 0 0 0 0 0 9 9 9 9 9 9 9 9 9 9 9 9 9 9 9 9 9 0 0 1 0 192 0 0 0 0 0 0 0 0 0 0 0 0 0 0 0 0 0 0 0 0 0 0 0 0 0 0 0 0 0 0 0 0 0 0 0 0 0 0 0 0 0 0 0 0 0 0 0 0 0 0 0 0 0 9 1 1 1 1 1 1 1 1 1 1 9 9 0 0 0 0 0 0 0 0 0 0 0 0 0 0 0 0 0 0 0 0 0 0 0 0 0 0 0 0 0 0 0 0 0 0 0 0 0 0 0 0 0 0 0 0 0 0 0 0 0 0 0 0 0 0 0 0 0 0 0 0 0 0 0 0 0 0 0 0 0 0 0 0 0 0 0 0 0 0 0 9 1 1 1 1 1 1 1 1 1 1 9 0 0 0 0 0 0 0 9 9 1 1 1 1 1 1 9 0 0 0 0 0 9 1 1 1
1 1 1 1 1 1 1 1 1 1 1 1 1 1 1 1 1 1 1 1 0 0 0 0 0 0 0 0 0 33 0 0 0 0 0 0 0 0 0 0 0 0 0 0 0 0 0 0 0 0 0 0 0 0 0 0 0 0 0 0 0 0 0 0 0 0 0 0 0 0 0 9 9 1 1 1 1 1 1 1 1 9 9 0 0 0 0 0 0 0 0 0 0 0 0 0 9 1 1 1 1 1 1 1 1 1 1 1 1 1 1 1 9 0 0 1 1 1 0 0 0 0 0 0 0 0 0 0 0 0 0 0 0 0 0 0 0 0 0 0 0 0 0 0 0 0 0 0 0 0 0 0 0 0 0 0 0 0 0 0 0 0 0 0 0 0 0 0 0 0 0 9 9 9 9 1 1 1 1 1 1 9 9 0 0 0 0 0 0 0 0 0 0 0 0 0 0 0 0 0 0 0 0 0 0 0 0 0 0 0 0 0 0 0 0 0 0 0 0 0 0 0 0 0 0 0 0 0 0 0 0 0 0 0 0 0 0 0 0 0 0 0 0 0 0 0 0 0 0 0 0 0 0 0 0 0 0 0 0 0 0 0 0 9 1 1 1 1 1 1 1 1 9 9 9 0 0 0 0 0 0 0 9 1 1 1 1 1 1 1 9 0 0 0 0 0 9 1 1 1
1 1 1 1 1 1 1 1 1 1 1 1 1 1 1 1 1 1 1 1 0 0 0 0 0 0 0 0 0 33 0 0 0 0 0 0 0 0 0 0 0 0 0 0 0 0 0 192 0 0 0 0 0 0 0 0 0 0 0 0 0 0 0 0 0 0 0 0 0 0 0 0 9 9 9 9 9 9 9 9 9 9 0 0 0 0 0 0 0 0 0 0 0 0 0 0 9 1 1 1 1 1 1 1 1 1 1 1 1 1 1 1 9 9 0 0 0 0 0 0 0 0 0 0 0 0 0 0 0 0 0 0 0 0 0 0 0 0 0 0 0 0 0 0 0 0 0 0 0 0 0 0 0 0 0 0 0 0 0 0 0 0 0 0 0 0 0 0 0 0 0 0 0 0 9 1 1 1 1 9 9 9 0 0 0 0 0 0 0 0 0 0 0 0 0 0 0 0 0 0 0 0 0 0 0 0 0 0 0 0 0 0 0 0 0 0 0 0 0 0 0 0 0 0 0 0 0 0 0 0 0 0 0 0 0 0 0 0 0 0 0 0 0 0 0 0 0 0 0 0 0 0 0 0 0 0 0 0 0 1 0 0 0 9 1 1 1 1 1 1 1 1 9 0 0 0 0 0 0 0 0 9 9 1 1 1 1 1 1 1 9 0 0 0 0 0 9 1 1 1
1 1 1 1 1 1 1 1 1 1 1 1 1 1 1 1 1 1 1 1 0 0 0 0 0 0 0 0 0 33 9 9 9 9 9 9 9 9 9 9 9 9 0 0 0 1 1 1 1 1 0 0 0 0 0 0 0 0 0 0 0 0 0 0 0 0 0 0 0 0 0 0 0 0 0 0 0 0 0 0 0 0 0 0 0 0 0 0 0 0 0 0 0 0 0 0 9 1 1 9 9 9 9 9 9 9 9 9 9 9 1 1 1 9 9 0 0 0 0 0 0 0 0 0 0 0 0 0 0 0 0 0 0 0 0 0 0 0 0 0 0 0 0 0 0 192 0 0 0 0 0 0 0 0 0 0 0 0 0 0 0 0 0 0 0 0 0 0 0 0 0 0 0 0 9 9 9 9 9 9 0 0 0 0 0 0 0 0 0 0 0 0 0 0 0 0 0 0 0 0 0 0 0 0 0 0 0 0 0 0 0 0 0 0 0 0 0 0 0 0 0 0 0 0 0 0 0 0 0 0 0 0 0 0 0 0 0 0 0 0 0 0 0 0 0 0 0 0 0 0 0 0 0 0 0 0 0 0 0 1 192 0 0 9 1 1 1 1 1 1 1 1 9 0 0 0 0 0 0 0 0 9 1 1 1 1 1 1 1 1 9 0 0 0 0 0 9 1 1 1
1 1 0 0 0 0 0 0 0 0 0 0 0 0 0 0 0 0 0 0 0 0 0 0 0 0 0 0 1 1 1 1 1 1 1 1 1 1 1 1 1 9 0 0 0 9 9 9 9 9 0 0 0 0 0 0 9 9 9 9 9 9 9 9 0 0 0 0 0 0 0 0 0 0 0 0 0 0 0 0 0 0 0 0 0 0 0 0 0 0 0 192 0 0 0 0 9 1 1 9 0 0 1 192 0 0 0 0 0 9 1 1 1 1 9 9 9 9 9 0 0 0 0 0 0 0 0 0 0 0 0 0 0 0 0 0 0 0 0 0 0 0 0 1 1 1 1 1 0 0 0 0 0 0 0 0 0 0 0 0 0 0 0 0 0 0 0 0 0 0 0 0 0 0 0 0 0 0 0 0 0 0 0 0 0 0 0 0 0 0 0 0 0 0 0 0 0 0 0 0 0 0 0 0 0 0 0 0 0 0 0 0 0 0 0 0 0 0 0 0 0 0 0 0 0 0 0 0 0 0 0 0 0 0 0 0 0 0 0 0 0 0 0 0 0 0 0 0 0 0 0 0 0 0 0 0 0 0 0 1 1 0 0 9 9 1 1 1 1 1 1 1 9 0 0 0 0 0 0 0 0 9 1 1 1 1 1 1 1 1 9 0 0 0 0 0 9 1 1 1
1 1 0 0 0 0 0 0 0 0 0 0 0 0 0 0 0 0 0 0 0 0 0 0 0 0 0 0 1 1 1 1 1 1 1 1 1 1 1 1 1 9 0 0 0 0 0 0 0 0 0 0 0 0 0 9 9 1 1 1 1 1 1 9 9 0 0 0 0 0 0 0 0 0 0 0 0 0 0 0 0 0 0 0 0 0 0 0 0 0 1 1 1 0 0 0 9 1 1 9 0 0 1 1 1 0 0 0 0 9 9 1 1 1 1 1 1 1 9 9 9 9 9 0 0 0 0 0 0 0 0 0 0 0 0 0 0 0 0 0 0 0 0 0 0 0 0 0 0 0 0 0 0 0 0 0 0 0 0 0 0 0 0 0 0 0 0 0 0 0 0 0 0 0 0 0 0 0 0 0 0 0 0 0 0 0 0 0 0 0 0 0 0 0 0 0 0 0 0 0 0 0 0 0 0 0 0 0 0 0 0 0 0 0 0 0 0 0 0 0 0 0 0 0 0 0 0 0 0 0 0 192 0 0 0 0 0 0 0 0 0 0 0 0 0 0 0 0 0 0 0 0 0 0 0 0 0 0 0 0 0 0 0 0 9 1 1 1 1 1 1 1 9 0 0 0 0 0 0 0 0 9 1 1 1 1 1 1 1 1 9 0 0 0 0 0 9 1 1 1
1 1 0 0 192 0 0 0 192 0 0 0 0 0 0 0 192 0 0 0 0 0 0 0 0 0 0 0 1 1 1 1 1 1 1 1 1 1 1 1 1 9 0 0 0 0 0 0 0 0 0 9 9 9 9 9 1 1 1 1 1 1 1 1 9 9 0 0 0 0 0 0 0 0 0 0 0 0 0 0 0 0 0 0 0 0 0 0 0 0 9 9 9 0 0 9 9 1 1 9 0 0 0 0 0 0 0 0 0 0 9 9 1 1 1 1 1 1 1 1 1 1 9 9 9 9 9 9 9 9 0 0 0 0 0 0 0 0 0 0 0 0 0 0 0 0 0 0 0 0 0 0 0 0 0 0 0 0 0 0 0 0 0 0 0 0 0 0 0 0 0 0 0 0 0 0 0 0 0 0 0 0 0 0 0 0 0 0 192 0 1 0 0 0 0 0 0 0 0 0 0 0 0 0 0 0 0 0 0 0 192 0 0 0 0 0 0 0 0 0 0 0 0 0 0 0 0 0 0 0 1 1 1 0 0 0 0 0 0 0 0 0 0 0 0 0 0 0 0 0 0 0 0 0 0 0 0 0 0 0 0 0 0 0 9 9 1 1 1 1 1 1 9 0 0 0 0 0 0 0 0 9 1 1 1 1 1 1 1 1 9 0 0 0 0 0 9 1 1 1
1 1 0 0 0 0 0 0 0 0 0 0 0 0 0 0 0 0 0 0 0 0 0 0 0 0 0 0 1 1 1 1 1 1 1 1 1 1 1 1 1 9 0 0 0 0 0 0 0 0 0 9 1 1 1 1 1 1 1 9 9 1 1 1 1 9 0 0 0 1 1 0 0 0 0 0 0 0 0 0 0 0 0 0 0 0 0 0 0 0 0 0 0 0 0 9 1 1 1 9 0 0 0 0 0 0 0 0 0 0 0 9 9 9 9 9 1 1 1 1 1 1 1 1 1 1 1 1 1 9 9 9 9 9 9 9 9 9 9 9 9 9 9 9 9 0 0 0 0 0 0 0 0 0 0 0 0 0 0 0 0 0 0 0 0 0 0 0 0 0 0 0 0 0 0 0 0 0 0 0 0 0 0 0 0 0 1 1 1 1 1 0 0 0 0 0 0 0 0 0 0 0 0 0 0 0 0 0 0 1 1 1 0 0 0 0 0 0 0 0 0 0 9 9 9 9 0 0 0 0 0 0 0 0 0 0 0 0 0 0 0 0 0 0 9 9 9 9 9 9 9 9 9 9 0 0 0 0 0 0 0 0 0 0 0 9 9 9 9 9 9 9 9 0 0 0 0 0 0 0 0 9 1 1 1 1 1 1 1 1 9 0 0 0 0 0 9 1 1 1
1 1 0 0 0 0 0 0 0 0 0 0 0 0 0 0 0 0 0 0 0 0 0 0 0 0 0 0 1 1 1 1 1 1 1 1 1 1 1 1 1 9 9 9 9 9 9 9 9 9 9 9 1 1 1 1 1 1 9 9 9 9 1 1 1 9 9 0 0 0 1 1 1 0 0 0 0 0 0 0 0 0 0 0 0 0 0 0 0 0 0 0 0 9 9 9 1 1 1 9 0 0 0 0 0 0 0 0 0 0 0 0 0 0 0 9 9 9 9 9 1 1 1 1 1 1 1 1 1 1 1 1 1 1 1 1 1 1 1 1 1 1 1 1 9 9 9 0 0 0 0 0 0 0 0 0 0 0 0 0 0 0 0 0 0 0 0 0 0 0 0 0 0 0 0 0 0 0 0 0 0 0 0 0 0 0 0 0 0 0 0 0 0 9 9 9 9 0 0 0 0 0 0 0 0 0 0 0 0 0 0 0 0 0 0 0 0 0 0 9 9 9 9 1 1 9 9 9 9 9 9 9 9 9 9 9 9 9 9 9 9 9 9 9 9 1 1 1 1 1 1 1 1 9 0 0 0 0 0 0 0 0 0 0 0 0 0 0 0 0 0 0 0 0 0 0 0 0 0 0 0 9 1 1 1 1 1 1 1 1 9 0 0 0 0 0 9 1 1 1
1 1 0 0 0 0 0 0 0 0 0 0 0 0 0 0 0 0 0 0 0 0 0 0 0 0 0 0 1 1 1 1 1 1 1 1 1 1 1 1 1 1 1 1 1 1 1 1 1 1 1 1 1 1 9 9 9 9 9 0 0 9 9 1 1 1 9 9 0 0 0 0 0 0 0 0 0 0 0 0 0 0 0 9 9 9 9 0 0 9 9 9 9 9 1 1 1 1 9 9 0 0 0 0 0 0 0 0 0 0 0 0 0 0 0 0 0 0 0 9 9 9 9 9 9 9 9 1 1 1 1 1 1 1 1 1 1 1 1 1 1 1 1 1 1 1 9 9 9 9 9 0 0 0 0 0 0 0 0 0 0 0 0 0 0 0 0 0 0 0 0 0 0 0 0 0 0 0 0 0 0 0 0 0 0 0 0 0 0 0 0 9 9 9 1 1 9 9 0 0 0 0 0 0 0 0 0 0 0 0 0 0 0 0 0 0 0 0 0 9 1 1 1 1 1 1 1 1 1 1 1 1 1 1 1 1 1 1 1 1 1 1 1 1 1 1 1 1 1 1 1 1 1 9 0 0 0 0 0 0 0 0 0 0 0 0 0 0 0 0 0 0 0 0 0 0 0 0 0 0 0 9 1 1 1 1 1 1 1 1 9 0 0 0 0 0 9 1 1 1
1 1 0 0 0 0 0 0 0 0 0 0 0 0 0 0 0 0 0 0 0 0 0 0 0 0 0 0 1 1 1 1 1 1 1 1 1 1 1 1 1 1 1 1 1 1 1 1 1 1 1 1 1 1 9 0 0 0 0 0 0 0 9 1 1 1 1 9 9 9 9 9 9 9 9 9 9 9 9 9 9 9 9 9 1 1 9 9 9 9 1 1 1 1 1 1 1 1 9 0 0 0 0 0 0 0 0 0 0 0 0 0 0 0 0 0 0 0 0 0 0 0 0 0 0 0 9 9 9 9 9 9 9 9 9 1 1 1 1 1 1 1 1 1 1 1 1 1 1 1 9 9 9 9 9 9 0 0 0 0 0 0 0 0 0 0 1 0 0 0 0 0 0 0 0 0 0 0 0 0 0 0 0 0 0 0 0 0 0 0 9 9 1 1 1 1 1 9 9 9 9 9 0 0 0 0 0 0 0 0 0 0 0 0 0 0 0 0 9 9 1 1 1 1 1 1 1 1 1 1 1 1 1 1 1 1 1 1 1 1 1 1 1 1 1 1 1 9 9 9 9 1 1 9 0 0 0 0 0 0 0 0 0 0 0 0 0 0 0 0 0 0 0 0 0 0 0 0 0 0 0 9 1 1 1 1 1 1 1 1 9 0 0 0 0 0 9 1 1 1
1 1 0 0 0 0 0 0 0 0 0 0 0 0 0 0 0 0 0 0 0 0 0 0 0 0 0 0 1 1 1 1 1 1 1 1 1 1 1 1 1 9 9 9 9 9 9 9 9 9 9 9 9 9 9 0 0 0 0 0 0 0 9 9 1 1 1 1 1 1 1 1 1 1 1 1 1 1 1 1 1 1 1 1 1 1 1 1 1 1 1 1 1 1 1 1 9 9 9 0 0 0 0 0 9 9 9 9 9 9 9 0 0 0 0 0 0 0 0 0 0 0 0 0 0 0 0 0 0 0 0 0 0 0 9 1 1 1 1 1 1 1 1 1 1 1 1 1 1 1 1 1 1 1 1 9 9 0 0 0 0 0 0 0 0 0 1 0 0 0 0 0 0 0 0 0 0 0 0 0 0 0 0 0 0 0 0 0 0 9 9 1 1 1 1 1 1 1 1 1 1 9 9 0 0 0 0 0 0 0 0 0 0 0 0 0 0 9 9 1 1 1 9 9 9 1 1 1 1 1 1 1 1 1 1 1 1 1 1 1 1 1 1 1 1 1 1 9 0 0 9 1 1 9 9 0 0 0 0 0 0 0 0 0 0 0 0 0 0 0 0 0 0 0 0 0 0 0 0 0 0 9 1 1 1 1 1 1 1 1 9 0 0 0 0 0 9 1 1 1
1 1 0 0 0 0 0 0 0 0 0 0 0 0 0 0 0 0 0 0 0 0 0 0 0 0 0 0 1 1 1 1 1 1 1 1 1 1 1 1 1 9 0 0 0 0 0 0 0 0 0 0 0 0 0 0 0 0 0 0 0 0 0 9 9 1 1 1 1 1 1 1 1 1 1 1 1 1 1 1 1 1 1 1 1 1 1 1 1 1 1 1 9 9 9 9 9 0 0 0 0 0 0 0 9 1 1 1 1 1 9 9 9 9 9 0 0 0 0 0 0 0 0 0 0 0 0 0 0 0 0 0 0 0 9 1 1 1 1 1 1 1 1 1 1 1 1 1 1 1 1 1 1 1 1 1 9 9 9 9 0 0 0 0 0 0 1 0 0 192 0 0 0 0 0 0 0 0 0 0 0 0 0 0 0 0 0 0 0 9 1 1 1 1 9 1 1 1 1 1 1 1 9 0 0 0 0 0 0 0 0 0 0 0 0 0 9 9 1 1 1 1 9 0 9 9 9 1 1 1 1 1 1 1 1 1 1 1 1 1 1 1 1 1 9 9 9 9 0 0 9 1 1 1 9 9 0 0 0 0 0 0 0 0 0 0 0 0 0 0 0 0 0 0 0 0 0 0 0 0 0 9 1 1 1 1 1 1 1 1 9 0 0 0 0 0 9 1 1 1
1 1 0 0 0 0 0 0 0 0 0 0 0 0 0 0 0 0 0 0 0 0 0 0 0 0 0 0 1 1 1 1 1 1 1 1 1 1 1 1 1 9 0 1 0 0 0 0 0 0 0 0 0 0 0 0 0 0 0 0 0 0 0 0 9 9 9 9 9 9 9 9 9 9 9 9 9 9 9 9 9 9 9 9 9 9 9 9 9 9 9 9 9 0 0 0 0 0 0 0 0 0 0 0 9 1 1 1 1 1 1 1 1 1 9 9 9 0 0 0 0 192 0 0 0 0 0 0 0 0 0 0 0 0 9 9 9 9 1 1 1 1 1 1 1 1 1 1 1 1 1 1 1 1 1 1 1 1 1 9 9 0 0 0 0 0 1 1 1 1 1 0 0 0 0 0 0 0 0 0 0 0 0 0 0 0 0 0 0 9 1 1 1 9 9 9 9 9 9 1 1 1 9 9 9 9 9 9 9 0 0 0 0 0 0 0 9 1 1 1 1 9 9 0 0 0 9 9 9 1 1 1 1 1 1 1 1 1 1 1 1 1 1 9 9 0 0 0 0 0 9 1 1 1 1 9 0 0 0 0 0 0 0 0 0 0 0 0 0 0 0 0 0 0 0 0 0 0 0 0 0 9 1 1 1 1 1 1 1 1 9 0 0 0 0 0 9 1 1 1
1 1 1 1 1 1 1 1 1 1 1 1 1 1 1 1 1 1 1 1 1 1 1 1 1 1 1 1 1 1 1 1 1 1 1 1 1 1 1 1 1 9 0 1 192 0 0 0 0 0 0 0 0 0 0 0 0 0 0 0 0 0 0 0 0 0 0 0 0 0 0 0 0 0 0 0 0 0 0 0 0 0 0 0 0 0 0 0 0 0 0 0 0 0 0 0 0 0 0 0 0 0 0 0 9 1 1 1 1 1 1 1 1 1 1 1 9 9 9 0 1 1 1 0 0 0 0 0 0 0 0 0 0 0 0 0 0 9 1 1 1 1 1 1 1 1 1 1 1 1 1 1 1 1 1 1 1 1 1 1 9 9 9 0 0 0 0 0 0 0 0 0 0 0 0 0 0 0 0 0 0 0 0 0 0 0 0 0 0 9 1 1 9 9 0 0 0 0 9 9 1 1 1 1 9 9 1 1 9 9 9 0 0 0 9 9 9 1 1 1 9 9 0 0 0 0 0 0 9 9 1 1 1 1 1 1 1 1 1 1 9 9 9 9 0 0 0 0 0 0 9 9 1 1 1 9 9 9 0 0 0 0 0 0 0 0 0 0 0 0 0 0 0 0 0 0 0 1 0 0 0 9 1 1 1 1 1 1 1 1 9 0 0 0 0 0 9 1 1 1
1 1 1 1 1 1 1 1 1 1 1 1 1 1 1 1 1 1 1 1 1 1 1 1 1 1 1 1 1 1 1 1 1 1 1 1 1 1 1 1 1 9 0 1 1 1 0 0 0 0 9 9 9 9 9 9 0 0 0 0 0 0 0 0 0 0 0 0 0 0 0 0 0 0 0 0 0 0 0 0 0 0 0 0 0 0 0 0 0 0 0 0 0 0 0 0 0 0 0 0 0 0 0 0 9 1 1 9 9 9 9 9 1 1 1 1 1 1 9 9 9 9 9 0 0 0 0 0 0 0 0 0 0 0 0 0 0 9 1 1 1 1 1 1 1 1 1 1 1 1 1 1 1 1 1 1 9 1 1 1 1 1 9 9 0 0 0 0 0 0 0 0 0 0 0 0 0 0 0 0 0 0 192 0 0 0 0 0 9 9 1 1 9 0 0 0 0 0 0 9 1 1 1 1 1 1 1 1 1 1 9 9 9 9 9 1 1 1 1 9 9 0 0 0 0 0 0 0 0 9 9 9 9 1 1 1 1 1 9 9 9 0 0 0 0 0 0 0 0 0 0 9 9 1 1 1 1 9 0 0 0 0 0 0 0 0 0 0 0 0 0 0 0 0 192 0 1 0 0 0 9 9 1 1 1 1 9 9 9 9 9 0 0 0 0 0 9 1 1 1
1 1 1 1 1 1 1 1 1 1 1 1 1 9 9 9 9 9 9 9 9 1 1 1 1 1 1 1 1 1 1 1 1 1 1 1 1 1 1 1 1 9 0 0 0 0 0 0 0 0 9 1 1 1 1 9 0 0 0 0 0 0 0 0 0 0 0 0 0 0 0 0 0 0 0 0 0 0 0 0 0 0 0 0 0 0 0 0 0 0 0 0 0 0 0 0 0 0 0 0 0 0 0 0 9 1 1 9 0 0 0 9 9 9 1 1 1 1 1 1 1 1 9 9 9 9 9 0 0 0 0 0 0 0 0 0 0 9 9 9 1 1 1 1 1 1 1 1 1 1 1 1 1 1 9 9 9 9 1 1 1 1 1 9 9 0 0 0 0 0 0 0 0 0 0 0 0 0 0 0 0 0 1 1 0 0 0 0 9 1 1 1 9 0 0 0 0 0 0 9 9 9 1 1 1 1 1 1 1 1 1 9 9 1 1 1 1 1 1 9 0 0 0 0 0 0 0 0 0 0 0 0 9 9 9 9 9 9 9 0 0 0 0 0 0 0 0 0 0 0 0 0 9 1 1 1 1 9 0 0 0 0 0 0 0 0 0 0 0 0 0 0 0 0 1 1 0 0 0 9 9 1 1 1 1 9 9 0 0 0 0 0 0 0 0 9 9 1 1 1
1 1 1 1 1 1 1 1 1 1 1 1 1 9 0 0 0 0 0 0 9 9 1 1 1 1 1 1 1 1 1 1 1 1 1 1 1 1 1 1 1 9 0 0 0 0 0 0 0 0 9 1 1 1 1 9 9 0 0 0 0 0 0 0 0 0 0 0 0 0 0 0 0 0 0 0 0 0 0 0 0 0 0 0 0 0 0 0 0 0 0 0 0 0 0 0 0 0 0 0 0 0 0 0 9 1 1 9 0 0 0 0 0 9 9 9 1 1 1 1 1 1 1 1 1 1 9 9 0 0 0 0 0 0 0 0 0 0 0 9 1 1 1 1 1 1 1 1 1 1 1 1 1 9 9 0 0 9 9 9 1 1 1 1 9 9 9 0 0 0 0 0 0 0 0 0 0 0 0 0 0 0 9 9 0 0 0 0 9 1 1 1 9 0 0 0 0 0 0 0 0 9 9 9 9 9 9 9 1 1 1 1 1 1 1 1 1 9 9 9 0 0 0 0 0 0 0 0 0 0 0 0 0 0 0 0 0 0 0 0 0 0 0 0 0 0 0 0 0 0 0 0 9 9 9 1 1 9 9 0 0 0 0 0 0 0 0 0 0 0 0 0 1 1 0 0 0 0 9 9 1 1 1 1 1 9 0 0 0 0 0 0 0 0 0 9 1 1 1 1
1 1 1 1 1 1 1 1 1 1 1 1 9 9 0 0 0 192 0 0 0 9 9 9 9 9 9 9 9 9 9 9 9 9 9 9 9 9 9 9 9 9 0 0 0 0 0 0 0 0 9 1 1 1 1 1 9 9 9 9 9 9 9 9 0 0 0 0 0 0 0 0 0 0 0 0 0 0 0 0 0 0 0 0 0 0 0 0 0 0 0 0 0 0 0 0 1 0 0 0 0 0 0 0 9 1 1 9 0 0 0 0 0 0 0 9 9 9 9 9 1 1 1 1 1 1 1 9 0 0 0 0 0 0 0 0 0 0 0 9 1 1 1 1 1 1 1 1 1 1 1 9 9 9 0 0 0 0 0 9 9 1 1 1 1 1 9 9 9 0 0 0 0 0 0 0 0 0 0 0 0 0 0 0 0 0 0 0 9 1 1 9 9 0 0 0 0 0 0 0 0 0 0 0 0 0 0 9 9 1 1 1 1 1 1 9 9 9 0 0 0 0 0 0 0 0 0 0 0 0 0 0 0 0 0 0 0 0 0 0 0 0 0 0 0 0 0 0 0 0 0 0 0 0 9 1 1 1 9 9 0 0 0 0 0 0 0 0 0 0 0 0 0 0 0 0 0 9 9 1 1 1 1 1 1 9 0 0 0 0 0 0 0 0 0 9 1 1 1 1
1 1 1 1 1 1 1 1 1 1 1 9 9 0 0 0 1 1 0 0 0 0 0 0 0 0 0 0 0 0 0 0 0 0 0 0 0 0 0 0 0 0 0 0 0 0 0 0 0 0 9 1 1 1 1 1 1 1 1 1 1 1 1 9 9 9 0 0 0 0 0 0 0 0 0 0 0 0 0 0 0 0 0 192 0 0 0 0 0 0 0 0 0 0 0 0 1 0 0 0 0 0 0 9 9 1 1 9 0 0 0 0 0 0 0 0 0 0 0 9 9 9 9 9 1 1 1 9 0 0 0 0 0 0 0 0 0 0 1 9 1 1 1 1 1 1 1 1 1 9 9 9 0 0 0 0 0 0 0 0 9 9 1 1 1 1 1 1 9 9 9 0 0 0 0 0 0 0 0 0 0 0 0 0 0 0 0 0 9 1 1 9 0 0 0 0 0 0 0 0 0 0 0 0 0 0 0 0 9 9 9 9 9 9 9 9 0 0 0 0 0 0 0 0 0 0 0 0 0 0 0 0 0 0 0 0 0 0 0 0 0 0 0 0 0 0 0 0 0 0 0 0 0 0 9 1 1 1 1 9 0 0 0 0 0 0 0 0 0 0 0 0 0 0 0 0 9 9 1 1 1 1 1 1 1 9 0 0 0 0 0 0 0 0 0 9 1 1 1 1
1 1 1 1 1 1 1 1 1 1 9 9 0 0 0 0 0 0 0 0 0 0 0 0 0 0 0 0 0 0 0 0 0 0 0 0 0 0 0 0 0 0 0 0 0 0 0 0 0 0 9 1 1 9 1 1 1 1 1 1 1 1 1 1 1 9 9 9 0 0 0 0 0 0 0 0 0 0 0 0 0 0 0 1 0 0 0 0 0 0 0 0 0 0 0 0 1 0 0 192 0 0 0 9 1 1 1 9 0 0 0 0 0 0 0 0 0 0 0 0 0 0 0 9 9 1 1 9 9 0 0 0 0 0 0 0 0 192 1 9 9 1 1 1 1 1 1 1 9 9 0 0 0 0 0 0 0 0 0 0 0 9 9 9 1 1 1 1 1 1 9 9 9 9 9 9 9 0 0 0 0 0 0 0 0 0 0 0 9 1 1 9 0 0 0 0 0 0 0 0 0 0 0 0 0 0 0 0 0 0 0 0 0 0 0 0 0 0 0 0 0 0 0 0 0 0 0 0 0 0 0 0 0 0 0 0 0 0 0 0 0 0 0 0 0 0 0 0 0 0 0 0 0 0 9 9 1 1 1 9 9 9 9 9 9 9 9 9 9 9 9 9 9 9 9 9 9 1 1 1 1 1 1 1 9 9 0 0 0 0 192 0 0 0 9 9 1 1 1 1
1 1 1 1 1 1 1 1 9 9 9 0 0 0 0 0 0 0 0 0 0 0 0 0 0 0 0 0 0 0 0 0 0 0 0 0 0 0 0 0 0 0 0 0 0 0 0 0 0 9 9 1 1 9 9 9 9 9 9 9 9 1 1 1 1 1 1 9 9 0 0 0 0 0 0 0 0 0 0 0 0 0 0 1 0 0 0 0 0 0 0 0 0 0 0 0 1 1 1 1 1 1 0 9 1 1 1 9 0 0 0 0 0 0 0 0 0 0 0 0 0 0 0 0 9 1 1 1 9 0 0 0 0 0 0 0 1 1 1 0 9 1 1 1 1 1 1 9 9 0 0 0 0 0 0 0 0 0 0 0 0 0 0 9 9 9 1 1 1 1 1 1 1 1 1 1 9 9 9 9 9 9 9 9 9 9 9 9 9 1 1 9 0 0 0 0 0 0 0 0 0 0 0 0 0 0 0 0 0 0 0 0 0 0 0 0 0 0 0 0 0 0 0 0 0 0 0 0 0 0 0 0 0 0 0 0 0 0 0 0 0 0 0 0 0 0 0 0 0 0 0 0 0 0 0 9 9 1 1 1 1 1 1 1 1 1 1 1 1 1 1 1 1 1 1 1 1 1 1 1 1 1 1 1 9 0 0 0 0 1 1 1 1 0 9 1 1 1 1 1
1 1 1 1 1 1 1 9 9 0 0 0 0 0 0 0 0 0 0 0 0 0 0 0 0 0 0 0 0 0 0 0 0 0 0 0 0 0 0 0 0 0 0 0 0 0 192 0 0 9 1 1 1 9 0 0 0 0 0 0 9 9 9 1 1 1 1 1 9 9 0 0 0 0 0 0 0 0 0 0 0 0 0 1 0 0 0 0 0 0 0 0 0 0 0 0 0 0 0 0 0 1 0 9 1 1 9 9 0 0 0 0 0 0 0 0 0 0 0 0 0 0 0 0 9 1 1 1 9 0 0 0 0 0 0 0 1 0 0 9 9 1 1 1 1 1 9 9 0 0 0 0 0 0 0 0 0 0 0 0 0 0 0 0 0 9 9 9 1 1 1 1 1 1 1 1 1 1 1 1 1 1 1 1 1 1 1 1 1 1 1 9 0 0 0 0 0 0 0 0 0 0 0 0 0 0 0 0 0 0 0 0 0 0 0 0 0 0 0 0 0 0 0 0 0 0 0 0 0 0 0 0 0 0 0 0 0 0 0 0 0 0 0 0 0 0 0 0 0 0 0 0 0 0 0 0 9 1 1 1 1 1 1 1 1 1 1 1 1 1 1 1 1 1 1 1 1 1 1 1 1 1 1 9 9 0 0 0 0 1 0 0 0 9 9 1 1 1 1 1
1 1 1 1 1 9 9 9 0 0 0 0 0 0 0 0 0 0 0 0 0 0 0 0 0 0 0 0 0 0 0 0 0 0 0 0 0 0 0 0 0 192 0 0 0 0 1 1 0 9 1 1 1 9 0 0 0 0 0 0 0 0 9 9 9 1 1 1 1 9 9 9 9 9 0 0 0 0 0 0 0 0 0 1 0 0 0 0 0 0 0 0 0 0 0 0 0 0 0 0 0 1 0 9 1 1 9 0 0 0 0 0 192 0 0 0 0 0 0 0 0 0 0 0 9 9 1 1 9 0 0 0 0 0 0 0 0 0 9 9 1 1 1 1 1 9 9 0 0 0 0 0 0 0 0 0 0 0 0 0 0 0 0 0 0 0 0 9 9 9 9 9 9 9 1 1 1 1 1 1 1 1 1 1 1 1 1 1 1 1 1 9 0 0 0 0 0 0 0 0 0 0 0 0 0 0 0 0 0 0 0 0 0 0 0 0 0 0 0 0 0 0 0 0 0 0 0 0 0 0 0 0 0 0 0 0 0 0 0 0 0 0 0 0 0 0 0 0 0 0 0 0 0 0 0 0 9 9 9 9 9 9 9 9 9 9 1 1 1 1 1 1 1 1 1 1 1 1 1 1 1 1 1 9 0 0 0 0 0 1 0 0 9 9 1 1 1 1 1 1
1 1 1 9 9 9 0 0 0 0 0 0 0 0 0 0 0 0 0 0 0 0 0 0 0 0 0 0 0 0 0 0 0 0 0 0 0 0 0 0 0 1 1 0 0 0 1 0 0 9 1 1 9 9 0 0 0 0 0 0 0 0 0 0 9 9 1 1 1 1 1 1 1 9 9 9 9 9 9 9 9 0 0 0 0 0 0 0 0 0 0 0 0 0 0 0 0 0 0 0 0 0 0 9 1 1 9 0 0 0 0 0 1 1 0 0 0 0 0 0 0 0 0 0 0 9 1 1 9 0 0 0 0 0 0 0 0 0 9 1 1 1 1 1 1 9 0 0 0 0 0 0 0 0 0 0 0 0 0 0 0 0 0 0 0 0 0 0 0 0 0 0 0 9 9 9 9 9 9 9 9 9 9 9 9 9 9 9 9 9 9 9 0 0 0 0 0 0 0 0 0 0 0 0 0 0 0 0 0 0 0 0 0 0 0 0 0 0 0 0 0 0 0 0 0 0 0 0 0 0 0 9 9 9 9 9 9 9 9 9 9 0 0 0 0 0 0 0 0 0 0 0 192 0 0 0 0 0 0 0 0 0 0 0 0 9 9 9 9 1 1 1 1 1 1 1 1 1 1 1 1 1 9 9 0 0 0 0 0 0 0 0 9 1 1 1 1 1 1 1
1 1 1 9 0 0 0 0 0 0 0 0 0 0 9 9 9 9 9 9 9 9 9 9 9 9 9 9 9 9 9 9 9 9 9 0 0 0 0 0 0 0 0 0 0 0 0 0 0 9 1 1 9 0 0 0 0 0 0 0 0 0 0 0 0 9 9 1 1 1 1 1 1 1 1 1 1 1 1 1 9 9 0 0 0 0 0 0 0 0 0 0 0 0 0 0 0 0 0 0 0 0 0 9 1 1 9 0 0 0 0 0 0 0 0 0 0 0 0 0 0 0 0 0 0 9 1 1 9 0 0 0 0 0 0 0 0 0 9 1 1 1 1 1 9 9 0 0 0 0 0 0 0 0 0 0 0 0 0 0 0 0 0 0 0 0 0 0 0 0 0 0 0 0 0 0 0 0 0 0 0 0 0 0 0 0 0 0 0 0 0 0 0 0 0 0 0 0 0 0 0 0 0 0 0 0 0 0 0 0 0 0 0 0 0 0 0 0 0 0 0 0 0 0 0 0 0 0 0 9 9 9 1 1 1 1 1 1 1 1 9 9 0 0 0 0 0 0 0 0 0 1 1 1 0 0 0 0 0 0 0 0 0 0 0 0 0 0 9 9 1 1 1 1 1 1 1 1 1 1 1 9 9 0 0 0 0 0 0 0 0 0 9 1 1 1 1 1 1 1
1 1 1 9 0 0 0 0 0 0 0 0 9 9 9 1 1 1 1 1 1 1 1 1 1 1 1 1 1 1 1 1 1 1 9 9 9 9 9 9 9 9 9 9 9 9 9 9 9 9 1 1 9 0 0 0 0 0 0 0 0 0 0 1 0 0 9 9 9 9 9 1 1 1 1 1 1 1 1 1 1 9 9 9 9 0 0 0 0 0 0 0 0 0 0 0 0 0 0 0 0 0 9 9 1 1 9 0 0 0 0 0 0 0 0 9 9 9 9 0 0 0 0 0 0 9 1 1 9 9 0 0 0 0 0 0 0 0 9 1 1 1 1 9 9 0 0 0 0 0 0 0 0 0 0 0 0 0 0 0 0 0 0 0 0 0 0 0 0 0 0 0 0 0 0 0 0 0 0 0 0 0 0 0 0 0 0 0 0 0 0 0 0 0 0 0 0 0 0 0 0 0 0 0 0 0 0 0 0 0 0 0 0 0 0 0 0 0 0 0 0 0 0 0 0 0 0 0 9 9 1 1 1 1 1 1 1 1 1 1 1 9 0 0 0 0 0 0 0 0 0 0 0 0 0 0 0 0 0 0 0 0 0 0 0 0 0 0 0 9 9 9 1 1 1 1 1 1 1 1 1 9 0 0 0 0 0 0 0 0 0 0 9 9 9 1 1 1 1 1
1 1 1 9 0 0 0 0 0 0 0 0 9 1 1 1 1 1 1 1 1 1 1 1 1 1 1 1 1 1 1 1 1 1 1 1 1 1 1 1 1 1 1 1 1 1 1 1 1 1 1 1 9 0 0 0 0 0 0 0 0 192 1 0 0 0 0 0 0 0 9 9 9 9 1 1 1 1 1 1 1 1 1 1 9 9 9 9 0 0 0 0 0 0 0 0 0 0 0 0 9 9 9 1 1 1 9 0 0 0 0 0 0 0 9 9 1 1 9 9 0 0 0 0 0 9 1 1 1 9 0 0 0 0 0 0 0 0 9 9 9 9 9 9 0 0 0 0 0 0 0 0 0 0 0 0 0 0 0 0 0 0 0 0 0 0 0 0 0 0 0 0 0 0 0 0 0 0 0 0 0 0 0 0 0 0 0 0 0 0 0 0 0 0 0 0 0 0 9 9 9 9 9 0 0 0 0 0 0 0 0 0 0 0 0 0 0 0 0 0 0 0 0 0 0 0 0 9 9 1 1 1 1 1 9 9 9 9 1 1 1 9 9 0 0 0 0 0 0 0 0 0 9 9 9 9 9 0 0 0 0 0 0 0 0 0 0 0 0 0 0 9 9 9 9 9 1 1 1 9 9 9 0 0 0 0 0 0 0 0 0 0 0 0 9 1 1 1 1 1
1 1 1 9 0 0 0 0 0 0 0 9 9 1 1 1 1 1 1 1 1 1 1 1 1 1 1 1 1 1 1 1 1 1 1 1 1 1 1 1 1 1 1 1 1 1 1 1 1 1 1 1 9 0 0 0 0 0 0 1 1 1 0 0 0 0 0 0 0 0 0 0 0 9 9 1 1 1 1 1 1 1 1 1 1 1 1 9 9 9 9 9 9 9 9 9 9 9 9 9 9 1 1 1 1 1 9 0 0 0 0 0 0 0 9 1 1 1 1 9 0 0 0 0 0 9 1 1 1 9 0 0 0 0 0 0 0 0 0 0 0 0 0 0 0 0 0 0 0 0 0 9 9 9 9 9 9 9 0 0 0 0 0 0 0 0 0 0 0 0 0 0 0 0 0 0 0 0 0 0 0 0 0 0 0 0 0 0 0 0 0 0 0 0 0 0 0 9 9 1 1 1 9 9 0 0 0 0 0 0 0 0 0 0 0 0 0 192 0 0 0 0 0 0 0 0 0 9 1 1 1 1 9 9 9 0 0 9 9 1 1 1 9 0 0 0 0 0 0 0 9 9 9 1 1 1 9 9 9 0 0 0 0 0 0 0 0 0 0 0 0 0 0 0 0 9 9 9 9 9 0 0 0 0 0 0 0 0 192 0 0 0 0 9 9 1 1 1 1 1
1 1 1 9 0 0 0 0 0 0 0 9 1 1 1 1 1 1 1 1 1 1 1 1 1 1 1 1 1 1 1 1 1 1 9 9 9 1 1 9 9 1 1 1 1 1 1 1 1 9 9 9 9 0 0 0 0 0 0 0 0 0 0 0 0 0 0 0 0 0 0 0 0 0 9 9 9 9 1 1 1 1 1 1 1 1 1 1 1 1 1 1 1 1 1 1 1 1 1 1 1 1 1 1 1 9 9 0 0 0 0 0 0 0 9 1 1 1 1 9 0 0 0 0 0 9 9 1 1 9 9 0 0 0 0 0 0 0 0 0 0 0 0 0 0 0 0 0 0 1 0 9 1 1 1 1 1 9 9 9 9 0 0 0 0 0 0 0 0 0 0 0 0 0 0 0 0 0 0 0 0 0 0 0 0 0 0 0 0 0 0 0 0 0 0 0 0 9 1 1 1 1 1 9 9 0 0 0 0 0 0 0 0 0 0 1 1 1 1 1 1 0 0 0 0 0 9 9 1 1 1 9 9 0 0 0 1 0 9 1 1 1 9 9 9 9 0 0 9 9 9 1 1 1 1 1 1 1 9 9 1 0 0 0 0 0 0 0 0 0 0 0 0 0 0 0 0 0 0 0 0 0 0 0 0 0 0 1 1 1 0 9 9 9 1 1 1 1 1 1
1 1 1 9 0 0 0 0 0 0 0 9 1 1 1 1 1 1 1 1 1 1 1 1 1 1 1 1 1 1 1 1 1 1 9 0 9 9 9 9 9 9 9 9 9 9 9 9 9 9 0 0 0 0 0 0 0 0 0 0 0 0 0 0 0 0 0 0 0 0 0 0 0 0 0 0 0 9 9 9 9 9 9 1 1 1 1 1 1 1 1 1 1 1 1 1 1 1 1 1 1 1 1 9 9 9 0 0 0 0 0 0 0 9 9 1 1 1 1 9 0 0 0 0 0 0 9 1 1 1 9 0 0 0 0 0 0 0 0 0 0 0 0 0 0 0 0 192 1 0 0 9 1 1 1 1 1 1 1 1 9 9 9 9 0 0 0 0 0 0 0 0 0 0 0 0 0 0 0 0 0 0 0 0 0 0 0 0 0 0 0 0 0 192 1 0 0 9 1 1 1 1 1 1 9 9 9 0 0 0 0 0 0 0 0 1 0 0 0 0 0 0 0 0 0 0 9 1 1 1 9 9 0 0 0 192 1 0 9 9 1 1 1 1 1 9 9 9 9 1 1 1 1 1 1 1 1 1 1 9 9 1 0 0 0 0 0 0 0 0 0 0 0 0 0 0 0 0 0 0 0 0 0 0 0 0 0 0 0 0 0 9 1 1 1 1 1 1 1 1
1 1 1 9 0 0 0 0 9 9 9 9 1 1 1 1 1 1 1 1 1 1 1 1 1 1 1 1 1 1 1 1 1 9 9 0 0 0 0 0 0 0 0 0 0 0 0 0 0 0 0 0 0 0 0 0 0 0 0 0 0 0 0 0 0 0 0 0 0 0 0 0 0 0 0 0 0 0 0 0 0 0 9 9 9 9 9 9 9 9 9 9 9 9 9 9 9 9 9 9 9 9 9 9 0 0 0 0 0 0 0 0 0 9 1 1 1 1 1 9 0 0 0 0 0 0 9 1 1 1 9 9 0 0 0 192 0 0 0 0 0 0 0 0 0 0 1 1 0 0 9 9 1 1 9 1 1 1 1 1 1 1 1 9 9 9 9 9 0 0 0 0 0 0 0 0 0 0 0 0 0 0 0 0 0 0 0 0 0 0 0 0 0 1 1 0 9 9 1 1 9 1 1 1 1 1 9 9 0 0 0 0 0 0 0 1 0 0 0 0 0 0 0 0 0 0 9 1 1 1 9 0 0 0 0 1 1 0 0 9 1 1 1 1 1 1 1 1 1 1 1 1 1 9 9 1 1 1 1 1 9 9 1 0 0 0 0 0 0 0 0 192 0 0 0 0 0 0 0 0 0 0 0 0 0 0 0 0 0 0 9 9 1 1 1 1 1 1 1 1
1 1 1 9 0 0 0 0 9 1 1 1 1 1 1 1 1 1 1 1 1 1 1 1 1 1 1 1 1 1 1 1 9 9 0 0 0 0 0 0 0 0 0 0 0 0 0 0 0 0 0 0 0 0 0 0 0 0 0 0 0 0 0 0 0 0 0 0 0 0 0 0 0 0 0 0 0 0 0 0 0 0 0 0 0 0 0 0 0 0 0 0 0 0 0 0 0 0 0 0 0 0 0 0 0 0 0 0 0 0 0 0 9 9 1 1 1 1 1 9 0 0 0 0 0 0 9 9 1 1 1 9 0 1 1 1 1 0 0 0 0 0 0 0 0 0 0 0 9 9 9 1 1 1 9 9 9 9 1 1 1 1 1 1 1 1 1 9 9 0 0 1 1 192 0 0 0 0 0 0 0 0 0 0 0 0 0 0 0 0 0 0 0 1 0 0 9 1 1 1 9 9 1 1 1 1 1 9 9 9 0 0 0 0 0 0 0 0 0 0 0 0 0 0 0 9 9 1 1 9 9 0 0 0 0 0 0 0 0 9 9 9 9 1 1 1 1 1 1 1 1 9 9 9 9 9 9 1 1 1 1 9 9 0 0 0 0 0 0 1 1 1 1 1 0 0 0 0 0 0 0 0 0 0 0 0 0 0 0 9 9 1 1 1 1 1 1 1 1 1
1 1 1 9 0 0 0 0 9 1 1 1 1 1 1 1 1 1 1 1 1 1 1 1 1 1 1 1 1 1 1 1 9 0 0 0 0 0 0 0 0 0 0 0 0 0 0 0 0 0 0 0 0 0 0 0 0 0 0 9 9 9 9 9 9 9 9 9 9 0 0 0 0 0 0 0 0 0 0 0 0 0 0 0 0 0 0 0 0 0 0 0 0 0 0 0 0 0 0 0 0 0 0 0 0 0 0 0 0 0 0 0 9 1 1 1 1 1 1 9 0 0 0 0 0 0 0 9 1 1 1 9 9 0 0 0 1 0 0 0 0 0 0 0 0 0 0 9 9 1 1 1 1 1 9 0 0 9 9 9 9 1 1 1 1 1 1 1 9 9 0 0 1 1 0 0 0 0 0 0 0 0 0 0 0 0 0 0 0 0 0 0 0 0 0 9 9 1 1 1 9 9 9 9 1 1 1 1 1 9 9 0 0 0 0 0 0 0 0 0 0 0 0 0 9 9 1 1 1 9 0 0 0 0 0 0 0 0 0 0 0 0 9 9 1 1 1 1 1 1 9 9 0 0 0 0 9 9 1 1 1 1 9 9 9 0 0 0 0 0 0 0 0 0 0 0 0 0 0 0 0 0 9 9 9 9 9 9 9 9 1 1 1 1 1 1 1 1 1 1
1 1 1 9 0 0 0 0 9 1 1 1 1 1 1 1 1 1 1 1 1 1 1 1 1 1 1 1 1 1 1 9 9 0 0 0 0 0 0 0 192 0 0 0 0 0 0 0 0 0 0 0 0 0 0 0 0 0 0 9 1 1 1 1 1 1 1 1 9 9 0 0 0 0 0 0 0 0 0 0 0 0 0 0 0 0 0 0 0 0 0 0 0 0 0 0 0 0 0 0 0 0 0 0 0 0 0 0 9 9 9 9 9 1 1 1 9 1 1 9 0 0 0 0 0 0 0 9 9 1 1 1 9 9 9 0 0 0 0 0 0 0 0 0 0 9 9 9 1 1 1 1 1 9 9 0 0 0 0 0 9 9 9 9 9 1 1 1 1 9 9 0 0 0 0 0 0 0 0 0 0 0 0 0 0 0 0 0 0 0 0 0 0 0 9 9 1 1 1 9 9 0 0 9 9 1 1 1 1 1 9 9 9 0 0 0 0 0 0 0 0 0 0 9 9 1 1 1 1 9 0 0 0 0 0 0 0 0 0 0 0 0 0 9 9 9 9 9 9 9 9 0 0 0 0 0 0 9 9 1 1 1 1 1 9 9 9 9 9 9 9 9 9 9 9 9 9 9 9 9 9 9 9 1 1 1 1 1 9 9 1 1 1 1 1 1 1 1 1 1
1 1 1 9 0 0 0 0 9 1 1 1 1 1 1 1 1 1 1 1 1 1 1 1 1 1 1 1 1 1 1 9 0 0 0 0 0 0 0 0 1 0 0 0 0 0 0 0 0 0 0 0 0 0 0 0 0 0 9 9 1 1 1 1 1 1 1 1 1 9 0 0 0 0 0 0 0 0 0 0 0 0 0 0 0 0 0 0 0 0 0 0 0 0 0 0 0 0 0 0 0 0 0 0 0 0 0 9 9 1 1 1 1 1 1 9 9 1 1 9 9 0 0 0 0 0 0 0 9 1 1 1 1 1 9 9 9 9 9 9 9 9 9 9 9 9 1 1 1 1 1 9 9 9 0 0 0 0 0 0 0 0 0 0 9 9 1 1 1 1 9 9 9 9 0 0 0 0 0 0 0 0 0 0 0 0 0 0 0 0 0 9 9 9 9 1 1 1 1 9 0 0 0 0 9 9 9 1 1 1 1 1 9 9 9 9 9 9 9 9 9 9 9 9 1 1 1 1 9 9 0 0 9 9 9 9 0 0 0 0 0 0 0 0 0 0 0 0 0 0 0 0 0 0 0 0 0 0 9 9 1 1 1 1 1 1 9 1 1 1 1 1 1 1 1 1 1 1 1 1 1 1 1 1 1 1 1 1 1 9 1 1 1 1 1 1 1 1 1 1
1 1 1 9 0 0 0 9 9 1 1 1 1 1 1 1 1 1 1 1 1 1 1 1 1 1 1 1 1 1 1 9 0 0 0 0 0 0 0 0 1 0 0 0 0 0 0 0 0 0 0 0 0 0 0 0 0 0 9 1 1 1 1 1 1 1 1 1 1 9 0 0 0 0 0 0 0 0 0 0 0 0 0 0 0 0 0 0 0 0 0 0 0 0 0 0 0 0 0 0 0 0 0 0 0 9 9 9 1 1 1 1 1 1 1 9 9 1 1 1 9 0 0 0 0 0 0 0 9 9 1 1 1 1 1 1 1 1 1 1 1 1 1 1 1 1 1 1 1 1 9 9 0 0 0 0 0 0 0 9 9 9 9 0 0 9 9 1 1 1 1 1 1 9 9 9 9 9 9 9 9 9 9 9 9 9 9 9 9 9 9 9 1 1 1 1 1 1 9 9 0 0 192 0 0 0 9 9 1 1 1 1 1 1 1 1 1 1 1 1 1 1 1 1 1 1 1 9 9 0 0 0 9 1 1 9 0 0 0 0 0 0 0 0 0 0 0 0 0 0 0 0 0 0 0 0 0 0 0 9 9 9 1 1 1 1 1 1 1 1 1 1 1 1 1 1 1 1 1 1 1 1 1 1 1 9 1 1 1 1 1 1 1 1 1 1 1 1 1 1
1 1 1 9 0 0 0 9 1 1 1 1 1 1 1 1 1 1 1 1 1 1 1 1 1 1 1 9 9 9 9 9 0 0 0 0 0 0 0 0 1 0 0 0 0 0 0 9 9 9 9 9 9 9 9 9 9 9 9 1 1 1 1 1 1 1 1 1 1 9 9 0 0 0 0 0 0 0 0 0 0 0 0 0 0 0 0 0 0 0 0 0 0 0 0 0 0 0 0 0 0 0 0 0 0 9 1 1 1 1 1 9 9 9 9 9 9 1 1 1 9 0 0 0 0 0 0 0 0 9 9 9 1 1 1 1 1 1 1 1 1 1 1 1 1 1 1 1 9 9 9 0 0 0 0 0 0 0 0 9 1 1 9 0 0 0 9 9 1 1 1 1 1 1 1 1 1 9 1 1 1 1 1 1 1 1 1 1 1 1 1 1 1 1 1 1 1 9 9 0 0 1 1 1 0 0 0 9 9 9 1 1 1 1 1 1 1 1 1 1 1 1 1 1 1 1 9 9 0 0 0 0 9 1 1 9 0 0 0 0 0 0 0 0 0 0 0 0 0 0 0 0 0 0 0 0 0 0 0 0 0 9 9 9 1 1 1 1 1 9 9 9 9 9 9 9 9 9 9 9 9 9 9 9 9 9 9 1 1 1 1 1 1 1 1 1 1 1 1 1
1 1 1 9 0 0 0 9 1 1 1 1 1 1 1 1 1 1 1 1 1 1 9 9 9 9 9 9 0 0 0 0 0 0 0 0 0 0 0 0 1 0 0 0 0 9 9 9 1 1 1 1 1 1 1 1 1 1 1 1 1 1 1 1 1 1 1 1 1 1 9 9 0 0 0 0 0 0 0 0 0 0 0 0 0 0 0 0 0 0 0 0 0 0 0 0 0 0 0 0 0 0 0 0 9 9 1 1 1 1 9 9 0 0 0 0 9 9 1 1 9 9 0 0 0 0 0 0 0 0 0 9 9 9 9 9 9 9 9 9 9 9 9 9 9 9 9 9 9 0 0 0 0 0 0 0 0 0 0 9 1 9 9 0 0 0 0 9 9 9 9 1 1 1 1 1 1 1 1 1 1 1 1 1 1 1 1 1 1 1 1 1 1 1 9 9 9 9 0 0 0 0 0 0 0 0 0 0 0 9 9 9 9 9 9 9 9 9 9 9 9 9 9 9 9 9 9 0 0 0 0 0 9 1 1 9 0 0 0 0 0 0 0 0 0 0 0 0 0 0 0 0 0 0 0 0 0 0 0 0 0 0 0 9 9 9 9 9 9 9 0 0 0 0 0 0 0 0 0 0 0 0 0 0 0 0 9 9 9 1 1 1 1 1 1 1 1 1 1 1
1 1 1 9 0 0 0 9 9 1 1 9 9 9 9 9 9 9 9 9 9 9 9 0 0 0 0 0 0 0 0 0 0 0 0 0 0 0 0 0 1 0 0 0 0 9 1 1 1 1 1 1 1 1 1 1 1 1 1 1 1 1 1 1 1 1 1 1 1 1 1 9 0 0 0 0 0 0 0 0 0 0 0 0 0 0 0 0 0 0 0 0 0 0 0 0 0 0 0 0 192 0 0 0 9 1 1 1 9 9 9 0 0 0 0 0 0 9 1 1 1 9 1 1 0 0 0 0 0 0 0 0 0 0 0 0 0 0 0 0 0 0 1 192 0 0 0 0 0 0 0 0 0 0 0 0 0 0 0 9 1 9 0 0 0 0 0 0 0 0 9 9 9 9 9 1 1 1 1 1 9 9 9 9 9 9 9 9 9 9 9 9 9 9 9 0 0 0 0 0 0 0 0 0 0 0 0 0 0 0 0 0 0 0 0 0 0 0 0 0 0 0 0 0 0 0 0 0 0 0 0 9 9 1 1 9 0 0 0 0 0 0 0 0 0 0 0 0 0 0 0 0 0 0 0 0 0 0 0 0 0 0 0 0 0 0 0 0 0 0 0 0 0 0 0 0 0 0 0 0 0 1 0 192 1 0 0 0 9 9 9 1 1 1 1 1 1 1 1 1
1 1 1 9 0 0 0 0 9 9 9 9 0 0 0 0 0 0 0 0 0 0 0 0 0 0 0 0 0 0 0 0 0 0 0 0 0 0 0 0 1 0 0 0 9 9 1 1 1 1 9 9 9 9 9 9 9 9 9 9 9 9 9 9 9 9 9 9 1 1 1 9 9 0 0 0 0 0 0 0 0 192 0 0 192 0 0 0 0 0 0 0 0 0 0 0 0 0 0 0 1 0 0 0 9 1 1 1 9 0 0 0 0 0 0 0 0 9 1 1 1 9 9 9 9 1 192 0 0 0 0 0 0 0 0 0 0 0 0 0 0 0 0 1 1 1 0 0 0 0 0 0 0 0 0 0 0 0 0 9 1 9 0 0 0 0 0 0 0 0 0 0 0 0 9 9 9 9 9 9 9 0 0 0 0 0 0 0 0 0 0 0 0 0 0 0 0 0 0 0 0 0 0 0 0 0 0 0 0 0 0 0 0 0 0 0 0 0 0 0 0 0 0 0 0 0 0 0 0 0 0 9 1 1 1 9 0 0 0 0 0 0 0 0 0 0 0 0 0 0 0 0 0 0 0 0 0 0 0 0 0 0 0 0 0 0 0 0 0 0 0 0 0 0 0 0 0 0 0 0 0 0 1 1 0 0 0 0 0 0 9 9 1 1 1 1 1 1 1 1
1 1 1 9 9 0 192 0 0 0 0 0 0 0 0 0 0 0 0 0 0 0 0 0 0 0 0 0 0 0 0 0 0 0 0 0 0 0 0 0 0 0 0 0 9 1 1 1 9 9 9 0 0 0 0 0 0 0 0 0 0 0 0 0 0 0 0 9 9 1 1 1 9 9 0 0 0 0 0 0 1 1 1 0 1 0 0 0 0 0 0 0 0 0 0 0 0 0 0 0 1 0 0 9 9 1 1 9 9 0 0 0 0 0 0 0 0 9 9 1 1 1 1 1 9 9 1 1 0 0 0 0 0 0 0 0 0 0 0 0 0 0 0 0 0 0 0 0 0 0 0 0 0 0 0 0 0 0 0 9 1 9 0 0 0 0 0 0 0 0 0 0 0 0 0 0 0 0 0 0 0 0 0 0 0 0 0 0 0 0 0 0 0 0 0 0 0 0 0 0 0 0 0 0 0 0 0 0 0 0 0 0 0 0 0 0 0 0 0 0 0 0 0 0 0 0 0 0 0 0 0 9 1 1 1 9 9 0 0 0 0 0 0 0 0 0 0 0 0 0 0 0 0 0 0 0 0 0 0 0 0 0 0 0 0 0 0 0 0 0 0 0 0 0 0 0 0 0 0 0 0 0 0 0 0 0 0 0 0 0 0 9 9 1 1 1 1 1 1 1
1 1 1 1 9 1 1 1 1 0 0 0 0 0 0 0 0 0 0 0 0 0 0 0 0 0 0 0 0 0 0 0 0 0 0 0 0 0 0 0 0 0 0 9 9 1 1 1 9 0 0 0 0 0 0 0 0 0 0 0 0 0 0 0 0 0 0 0 9 1 1 1 1 9 9 0 0 0 0 0 0 0 0 0 0 1 0 0 0 0 0 0 0 0 0 0 0 0 0 0 0 0 0 9 1 1 1 9 0 0 0 0 0 0 0 0 0 0 9 1 1 1 1 1 1 9 9 9 1 0 0 0 0 0 0 0 0 0 0 0 0 0 0 0 0 0 0 0 0 0 0 0 0 0 0 0 0 0 0 9 1 9 0 0 0 0 0 0 0 192 1 0 0 0 0 0 0 0 0 0 0 0 0 0 0 0 0 0 0 0 0 0 0 0 0 0 0 0 0 0 0 0 0 0 0 0 0 0 0 0 0 0 0 0 0 0 0 0 0 0 0 0 0 0 0 0 0 0 192 0 0 9 1 1 1 1 9 9 0 0 0 0 0 0 0 0 0 0 0 0 0 0 0 0 0 0 0 0 0 0 0 0 0 0 0 0 0 0 0 0 0 0 0 0 0 0 0 0 0 0 0 0 0 0 0 0 0 0 0 0 0 0 9 9 1 1 1 1 1 1
1 1 1 1 9 9 0 0 1 0 0 0 0 0 0 0 0 0 0 0 0 0 0 0 0 0 0 0 0 0 0 0 0 0 0 0 0 0 0 0 0 9 9 9 1 1 1 9 9 0 0 0 0 0 0 0 0 0 0 0 0 0 0 0 0 0 0 0 9 9 1 1 1 1 9 9 9 0 0 0 0 0 0 0 0 0 0 0 0 0 0 0 0 0 0 0 0 0 0 0 0 0 9 9 1 1 1 9 0 0 0 0 0 0 0 0 0 0 9 9 9 1 1 1 1 1 1 9 9 9 9 9 9 0 0 0 0 0 0 0 0 0 0 0 0 0 0 0 0 0 0 0 0 0 0 0 0 0 0 9 1 9 0 0 0 0 0 0 1 1 1 0 0 0 0 0 0 0 0 0 0 0 0 0 0 0 0 0 0 0 0 0 0 0 0 0 0 0 0 0 0 0 0 0 0 0 0 0 0 0 0 0 0 0 0 0 0 0 0 0 0 0 0 0 0 0 0 0 1 1 9 9 1 1 1 1 1 9 9 0 0 0 0 0 0 0 0 0 0 0 0 0 0 0 0 0 0 0 0 0 0 0 0 0 0 0 0 0 0 0 0 0 0 0 0 0 0 0 0 0 0 0 0 0 0 0 0 0 0 0 0 0 0 9 9 1 1 1 1 1
1 1 1 1 1 9 9 9 0 0 0 0 0 0 0 0 0 0 0 0 0 0 0 0 0 1 192 0 0 0 0 0 0 0 0 0 0 0 0 0 9 9 1 1 1 1 1 9 0 0 0 0 0 0 0 0 0 0 0 0 0 0 0 0 0 0 0 0 0 9 9 1 1 1 1 1 9 9 9 9 0 0 0 0 0 0 0 0 0 0 0 0 0 0 0 0 0 0 0 0 0 9 9 1 1 1 9 9 0 0 0 0 0 0 0 0 0 0 0 0 9 9 9 1 1 1 1 1 1 1 1 1 9 9 9 9 9 9 9 9 9 9 9 9 0 0 0 0 0 0 0 0 0 0 0 0 0 0 0 9 1 9 0 0 0 0 0 0 0 0 0 0 0 0 0 0 0 0 0 0 0 0 0 0 0 0 0 0 0 0 0 0 0 0 0 0 0 0 0 0 0 0 0 0 0 0 0 0 0 0 0 0 0 0 0 0 0 0 0 0 0 0 0 0 0 0 0 0 0 9 9 1 1 1 1 1 1 1 9 9 0 0 192 0 0 0 0 0 0 0 0 0 0 0 0 0 0 0 0 192 0 0 0 0 0 0 0 0 9 9 9 9 0 9 9 9 9 0 0 0 0 9 9 9 9 9 9 0 0 0 0 0 0 0 9 9 1 1 1 1
1 1 1 1 1 1 1 9 9 9 9 9 9 0 0 0 0 0 0 0 0 0 0 0 0 1 1 0 0 0 0 0 0 0 0 0 0 0 0 9 9 1 1 1 1 1 9 9 0 0 0 0 0 0 0 0 0 0 0 0 0 0 0 0 192 0 0 0 0 0 9 9 1 1 1 1 1 1 1 9 9 9 9 9 9 9 9 9 9 9 0 0 0 0 0 0 0 0 0 9 9 9 1 1 1 1 9 0 0 0 0 0 0 0 0 0 0 0 0 0 0 0 9 9 9 1 1 1 1 1 1 1 1 1 1 1 1 1 1 1 1 1 1 9 0 0 0 0 0 0 0 0 0 0 0 0 0 0 0 9 1 9 0 0 0 0 0 0 0 0 0 0 0 0 0 0 0 0 0 0 0 0 0 0 0 0 0 0 0 0 0 0 0 0 0 0 0 0 0 0 0 0 0 0 0 0 0 0 0 0 0 0 0 0 0 0 0 0 0 0 0 0 0 0 0 0 0 0 0 9 1 1 1 1 9 1 1 1 1 9 9 0 1 1 1 0 0 0 0 0 0 0 0 0 0 0 0 0 1 1 0 0 0 9 9 9 9 9 9 1 1 9 9 9 1 1 9 9 9 9 9 9 1 1 1 1 9 9 0 0 0 0 0 0 0 9 1 1 1 1
1 1 1 1 1 1 1 1 9 9 1 1 9 9 9 9 9 9 9 0 0 0 0 0 0 1 0 0 0 0 0 0 0 0 0 0 0 0 9 9 1 1 1 1 9 9 9 0 0 0 0 0 0 0 0 0 0 0 0 0 0 0 0 1 1 1 1 0 0 0 0 9 9 9 1 1 1 1 1 1 1 1 1 1 1 1 1 1 1 9 9 9 9 9 9 9 9 9 9 9 1 1 1 1 1 9 9 0 0 0 0 0 0 0 0 0 0 0 0 0 0 0 0 0 9 9 9 9 9 9 1 1 1 1 1 1 1 1 1 1 1 1 1 9 9 9 0 0 0 0 0 0 0 0 0 0 0 0 0 9 1 9 0 0 0 0 0 0 0 0 0 0 0 0 0 0 0 0 0 0 0 0 0 0 0 0 0 0 0 0 0 0 0 0 0 0 0 0 0 0 0 9 9 9 9 9 9 9 9 9 9 9 9 9 9 9 9 9 9 9 9 0 0 0 0 9 9 9 9 9 1 1 1 9 9 9 1 1 1 1 9 0 0 0 0 0 0 0 0 0 0 0 0 0 0 0 0 0 0 1 0 9 9 9 1 1 1 1 1 1 1 1 1 1 1 1 1 1 1 1 1 1 1 1 1 1 1 9 9 9 9 9 0 0 0 9 1 1 1 1
1 1 1 1 1 1 1 1 1 1 1 1 9 1 1 9 1 1 9 0 0 0 0 0 0 0 0 0 0 0 0 0 0 0 0 9 9 9 9 1 1 1 1 9 9 0 0 0 0 0 0 0 0 0 0 0 0 0 0 0 0 0 0 0 0 0 0 0 0 0 0 0 0 9 9 9 9 1 1 1 1 1 1 1 1 1 1 1 1 1 1 1 1 1 1 1 1 1 1 1 1 1 1 1 9 9 0 0 0 0 0 0 0 0 0 0 0 0 0 0 0 0 0 0 0 0 0 0 0 9 9 9 9 9 9 9 9 9 9 9 9 1 1 1 1 9 9 9 0 0 0 0 0 0 0 0 0 0 0 9 1 9 9 9 9 0 0 0 0 0 0 0 0 0 0 0 0 0 0 0 0 0 0 0 0 192 0 0 0 0 0 0 0 0 0 0 0 0 0 0 0 9 1 1 1 1 1 1 1 1 1 1 1 1 1 1 1 1 1 1 9 9 9 9 9 9 1 1 1 1 1 1 9 9 0 9 9 1 1 1 9 9 0 0 0 0 0 0 0 0 0 0 0 0 0 0 0 0 0 0 9 9 1 1 1 1 1 1 1 1 1 1 1 1 1 1 1 1 1 1 1 1 1 1 1 1 1 1 1 1 1 9 0 0 0 9 9 1 1 1
1 1 1 1 1 1 1 1 1 1 1 1 1 1 1 1 1 1 9 9 9 0 0 0 0 0 0 0 0 9 9 9 9 9 9 9 1 1 1 1 1 1 9 9 0 0 0 0 0 0 0 0 1 192 0 0 0 0 0 0 0 0 0 0 0 0 0 0 0 0 0 0 0 0 0 0 9 9 9 9 9 1 1 1 1 1 1 1 1 1 1 1 1 1 1 1 1 1 1 1 1 1 9 9 9 0 0 0 0 0 192 0 0 0 0 0 0 0 0 0 0 0 0 0 0 0 0 0 0 0 0 0 0 0 0 0 0 0 0 0 9 1 1 1 1 1 1 9 9 0 0 0 0 0 0 0 0 0 0 9 1 1 1 1 9 0 0 0 9 9 9 9 9 0 0 0 0 0 0 0 0 0 0 0 1 1 0 0 0 0 0 0 0 0 0 0 0 0 0 9 9 9 1 1 1 1 1 1 1 1 1 1 1 1 1 1 1 1 1 1 1 1 1 1 1 1 1 1 1 1 1 1 9 0 0 0 9 9 1 1 1 9 0 0 0 0 0 0 0 0 0 0 0 0 0 0 0 0 0 9 9 1 1 1 1 1 9 9 9 9 9 9 9 9 9 9 9 9 9 9 9 9 9 1 1 1 1 1 1 1 1 9 0 0 0 0 9 1 1 1
1 1 1 1 1 1 1 1 1 1 1 1 1 1 1 1 1 1 1 1 9 9 9 9 9 9 9 9 9 9 1 1 1 1 1 1 1 1 1 1 1 9 9 0 0 0 0 0 0 0 0 0 1 1 0 0 0 0 0 0 0 0 0 0 0 0 0 0 0 0 0 0 0 0 0 0 0 0 0 0 9 9 1 1 1 1 1 1 1 1 1 1 1 1 1 1 1 1 1 1 1 1 9 0 0 0 0 0 1 1 1 1 0 0 0 0 0 0 0 0 0 0 0 0 0 0 0 0 0 0 0 0 0 0 0 0 0 192 0 0 9 9 9 1 1 1 1 1 9 9 0 0 0 0 0 0 0 0 0 9 9 9 9 9 9 0 0 0 9 1 1 1 9 9 9 0 0 0 0 0 0 0 0 1 1 0 0 0 0 0 0 0 0 0 0 9 9 9 9 9 1 1 1 1 9 9 9 9 9 9 9 9 9 9 9 9 9 9 1 1 1 1 1 1 1 1 1 1 9 9 9 9 9 0 0 0 0 9 1 1 1 9 9 9 9 9 9 9 9 9 9 9 0 0 0 0 0 0 0 9 1 1 1 1 9 9 9 0 0 0 0 0 0 0 0 0 0 0 0 0 0 0 9 9 9 1 1 1 1 1 1 9 0 0 0 0 9 1 1 1
1 1 1 1 1 1 1 1 1 1 1 1 1 9 9 9 1 1 1 1 1 1 1 1 1 1 1 1 1 1 1 1 1 1 1 1 1 1 9 9 9 9 0 0 0 0 0 0 0 0 0 0 0 0 0 0 0 0 0 0 0 0 0 0 0 0 0 0 0 0 0 0 0 0 0 0 0 0 0 0 0 9 1 1 1 1 1 1 1 1 1 1 1 1 1 1 1 1 1 1 9 9 9 0 0 0 0 0 1 0 0 0 0 0 0 0 0 0 0 0 0 0 0 0 0 0 0 0 0 0 0 0 0 0 0 0 0 1 0 0 0 0 9 9 9 1 1 1 1 9 0 0 0 0 0 0 0 0 0 0 0 0 0 0 0 0 0 0 9 1 1 1 1 1 9 9 0 0 0 0 0 0 0 0 0 0 0 0 0 0 0 0 0 0 9 9 1 1 1 1 1 1 1 1 9 0 0 0 0 0 0 0 0 0 0 0 0 9 9 9 9 9 9 9 9 9 9 9 9 0 0 0 0 0 0 0 0 9 9 1 1 1 1 1 1 1 1 1 1 1 1 9 9 9 9 9 9 9 9 9 1 1 1 9 9 0 0 0 0 0 0 0 0 0 0 0 0 0 0 0 0 0 0 0 9 9 9 1 1 1 1 9 0 0 0 0 9 1 1 1
1 1 1 1 1 1 1 1 1 1 1 1 1 9 0 9 9 9 1 1 1 1 1 1 1 1 1 1 1 1 1 1 9 9 9 9 9 9 9 0 0 0 0 0 0 0 0 0 0 0 0 0 0 0 0 0 0 0 0 0 0 0 0 0 0 0 0 0 0 0 0 0 0 0 0 0 0 0 0 0 0 9 9 1 1 1 1 1 1 1 1 1 1 1 1 1 1 1 9 9 9 0 0 0 0 0 0 0 0 0 0 0 0 0 0 0 0 0 0 0 0 0 0 0 0 0 0 0 0 0 0 0 0 0 0 0 0 1 0 0 0 0 0 0 9 9 1 1 1 9 0 0 0 0 0 0 192 0 0 0 0 0 0 0 0 0 0 0 9 1 1 1 1 1 1 9 9 0 0 0 0 0 0 0 0 0 0 0 0 0 0 0 0 9 9 1 1 1 1 1 1 1 9 9 9 0 0 1 0 192 0 0 0 0 0 0 0 0 0 0 0 0 0 0 0 0 0 0 0 0 0 0 0 0 0 0 0 0 9 1 1 1 1 1 1 1 1 1 1 1 1 1 1 1 1 1 1 1 1 1 1 1 9 9 0 0 0 0 0 0 0 0 0 0 0 0 1 192 0 0 0 0 0 0 0 0 9 9 9 1 1 9 0 0 0 0 9 9 1 1
1 1 1 1 1 1 1 1 1 1 1 1 9 9 0 0 0 9 9 9 9 9 9 9 9 9 9 9 9 9 9 9 9 0 0 0 0 0 0 0 0 0 0 0 0 0 0 0 0 0 0 0 0 0 9 9 9 9 9 9 9 9 9 9 9 0 0 0 0 0 0 0 0 0 0 0 0 0 0 0 0 0 9 9 1 1 1 1 1 1 1 1 1 1 1 9 9 9 9 0 0 0 0 0 0 0 0 0 0 0 0 0 0 0 0 9 9 9 9 9 0 0 0 0 0 0 0 0 0 0 0 0 0 0 0 0 0 1 0 0 0 0 0 0 0 9 9 1 1 9 0 0 0 0 0 0 1 0 0 0 0 0 0 0 0 0 0 0 9 1 1 1 1 1 1 1 9 9 9 0 0 0 0 0 0 0 0 9 9 9 9 9 9 9 1 1 1 1 9 9 9 9 9 0 0 0 0 0 1 1 1 0 0 0 0 0 0 0 0 0 0 0 0 0 0 0 0 0 0 0 0 0 0 0 0 0 0 0 9 9 9 9 9 9 9 9 9 9 9 1 1 1 1 1 1 1 1 1 1 1 1 1 9 0 0 0 0 0 0 0 0 0 0 0 0 0 0 1 0 0 0 0 0 0 0 0 0 0 9 9 9 9 0 0 0 0 0 9 1 1
1 1 1 1 1 1 1 1 1 1 1 1 9 0 0 0 0 0 0 0 0 0 0 0 0 0 0 0 0 0 0 0 0 0 0 0 0 0 0 0 0 0 0 0 0 0 0 0 0 0 0 0 0 0 9 1 1 1 1 1 1 1 1 1 9 9 9 9 9 9 0 0 0 0 0 0 0 0 0 0 0 0 0 9 9 1 1 1 1 1 1 1 1 9 9 9 0 0 0 0 0 0 0 0 0 0 0 0 0 0 0 0 0 0 9 9 1 1 1 9 9 0 0 0 0 0 0 0 0 0 0 0 0 0 0 0 0 0 0 0 0 0 0 0 0 0 9 1 1 9 9 0 0 0 0 0 1 0 0 0 0 0 0 0 0 0 0 0 9 1 1 1 1 1 1 1 1 1 9 9 9 9 9 9 9 9 9 9 1 1 1 1 1 1 1 1 1 9 9 0 0 0 0 0 0 0 0 0 0 0 0 0 0 0 0 0 0 0 0 0 0 0 0 0 0 0 0 0 0 0 0 0 0 0 0 0 0 0 0 0 0 0 0 0 0 0 0 0 9 9 9 9 9 9 9 9 9 9 9 9 9 9 9 0 0 0 0 0 0 0 0 0 0 0 0 0 0 0 1 0 0 0 0 0 0 0 0 0 0 0 0 0 0 0 0 0 1 9 1 1
1 1 1 1 1 1 1 1 1 1 1 1 9 0 0 0 0 0 0 0 0 0 0 0 0 0 0 0 0 0 0 0 0 0 0 0 0 0 0 0 0 0 0 0 0 0 0 9 9 9 9 9 9 9 9 1 1 1 1 1 1 1 1 1 1 1 1 1 1 9 9 9 0 0 0 0 0 0 0 0 0 0 0 0 9 9 9 9 9 9 9 9 9 9 0 0 0 0 0 0 0 0 0 0 0 0 0 0 0 0 0 0 0 9 9 1 1 1 1 1 9 0 0 0 0 0 0 0 0 0 0 0 0 0 0 0 0 0 0 0 0 0 0 0 0 0 9 1 1 1 9 0 0 0 0 0 1 0 0 0 0 0 0 0 0 0 0 0 9 1 1 1 1 1 1 1 1 1 1 1 1 1 1 1 1 1 1 1 1 1 1 1 1 1 1 1 9 9 0 0 0 0 0 0 0 0 0 0 0 0 0 0 0 0 0 0 0 0 0 0 0 0 0 0 0 0 0 0 0 0 192 0 0 0 0 0 0 0 0 1 0 0 0 0 0 0 0 0 0 0 0 0 0 0 0 0 0 0 0 0 0 0 0 0 0 0 0 0 0 0 0 0 0 0 0 0 0 0 0 0 0 0 0 0 0 0 0 0 0 0 0 0 0 0 192 0 1 9 1 1
1 1 1 1 1 1 1 1 1 1 1 9 9 0 0 0 0 0 0 0 0 0 0 0 0 0 0 0 0 0 192 0 0 0 0 0 0 0 0 0 0 0 0 0 0 0 0 9 1 1 1 1 1 1 1 1 1 1 1 1 1 1 1 1 1 1 1 1 1 1 1 9 9 9 9 0 0 0 0 0 0 0 0 0 0 0 0 0 0 0 0 0 0 0 0 0 0 0 0 0 0 0 0 0 0 0 0 0 0 0 0 0 9 9 1 1 1 1 1 1 9 0 0 0 0 0 0 0 0 0 0 0 0 0 0 0 0 0 0 0 0 192 0 0 0 0 9 1 1 1 9 0 0 0 0 0 1 1 0 0 0 0 0 0 0 0 0 0 9 1 1 1 1 1 1 1 1 1 1 1 1 1 1 1 1 1 1 1 1 1 9 9 9 9 9 9 9 0 0 0 0 0 0 0 0 0 0 0 0 0 0 0 0 0 0 0 0 0 0 0 0 0 0 0 0 0 0 0 0 0 1 1 0 0 0 0 0 0 0 1 0 0 0 0 0 0 0 0 0 0 0 0 0 0 0 0 0 0 0 0 0 0 0 0 0 0 0 0 0 0 0 0 0 0 0 0 0 0 0 0 0 0 0 0 0 0 0 0 0 0 0 0 1 1 1 1 1 9 1 1
1 1 1 1 1 1 1 1 1 1 9 9 0 0 0 0 0 0 0 0 0 9 9 9 9 9 9 0 0 1 1 1 1 0 0 0 0 0 0 0 0 0 0 0 0 0 0 9 1 1 1 1 1 1 1 1 1 1 1 1 1 1 1 1 1 1 1 1 1 1 1 1 1 1 9 9 9 0 0 0 0 0 0 0 0 0 0 0 0 0 0 0 0 0 0 0 0 0 0 0 0 0 0 0 0 0 0 0 0 0 0 9 9 1 1 1 1 1 1 1 9 0 0 0 0 0 0 0 0 0 0 0 0 0 0 0 0 0 0 0 1 1 1 1 0 0 9 9 1 1 9 9 0 0 0 0 0 0 0 0 0 0 0 0 0 0 0 0 9 1 1 1 1 9 9 9 9 9 9 9 9 9 9 9 9 9 9 9 9 9 9 0 0 0 0 0 0 0 0 0 0 0 0 0 0 0 0 0 0 0 0 0 0 0 0 0 0 0 0 0 0 0 0 0 0 0 0 0 0 0 0 0 1 0 0 0 0 0 192 1 0 0 0 0 0 0 0 0 0 0 0 0 0 0 0 0 0 0 0 0 0 0 0 0 0 0 0 0 0 0 0 0 0 0 0 0 0 0 0 0 0 0 0 0 0 0 0 0 0 0 0 0 0 0 0 0 0 9 1 1
1 1 1 1 1 1 1 1 1 9 9 0 0 0 0 0 0 0 0 9 9 9 1 1 1 1 9 0 0 0 0 0 1 0 0 0 0 0 0 0 0 0 0 0 9 9 9 9 1 1 9 9 9 9 1 1 1 1 1 1 1 1 1 1 1 1 1 1 1 1 1 1 1 1 1 1 9 9 9 0 0 0 0 0 0 0 0 0 0 1 1 192 0 0 0 0 0 0 0 0 0 0 0 0 0 0 0 0 0 0 0 9 1 1 1 1 9 9 1 1 9 0 0 0 0 0 0 0 0 0 0 0 0 0 0 0 0 0 0 0 0 0 0 0 0 0 0 9 1 1 1 9 9 9 0 0 0 0 0 0 0 0 0 0 0 0 0 0 9 1 1 1 1 9 0 0 0 0 0 0 0 0 0 0 0 0 0 0 0 0 0 0 0 0 0 0 0 0 0 0 0 0 0 0 0 0 0 0 0 0 0 0 0 0 0 0 0 0 0 0 0 0 0 0 9 9 9 9 9 9 9 9 0 0 0 0 0 0 1 1 0 0 0 0 0 0 0 0 0 0 0 0 0 0 0 0 0 0 0 0 0 0 0 0 9 9 9 9 9 9 9 9 9 9 9 9 9 9 9 9 9 9 9 0 0 0 0 0 0 0 0 0 0 0 0 0 0 9 1 1
1 1 1 1 1 1 1 1 1 9 0 0 0 0 192 0 0 0 9 9 1 1 1 1 1 1 9 9 9 9 9 9 9 9 9 9 9 9 9 9 9 9 9 9 9 1 1 1 1 1 9 0 0 9 9 1 1 1 1 1 1 1 1 1 1 1 1 1 1 1 1 1 1 1 1 1 1 1 9 9 0 0 0 0 0 0 0 0 0 0 1 1 0 0 0 0 0 0 0 0 0 0 0 0 0 0 0 0 0 0 9 9 1 1 1 9 9 9 1 1 9 0 0 0 0 0 0 0 0 0 0 0 0 0 0 0 0 0 0 0 0 0 0 0 0 0 0 9 1 1 1 1 1 9 0 0 0 0 0 0 0 192 0 0 0 0 0 0 9 1 1 1 1 9 9 9 0 0 0 0 0 0 0 0 0 0 0 0 0 0 0 0 0 0 9 9 9 9 9 9 9 9 9 9 9 9 9 9 9 9 9 9 0 0 0 0 0 0 0 0 0 9 9 9 9 1 1 1 1 1 1 9 9 9 9 0 0 0 0 0 0 0 0 0 0 0 0 0 0 0 0 0 0 0 0 0 0 0 0 0 0 0 0 9 9 1 1 1 1 1 1 1 1 1 1 1 1 1 1 1 1 1 9 9 0 0 0 0 0 0 0 0 0 0 0 0 0 9 1 1
1 1 1 1 1 1 1 1 9 9 0 0 0 1 1 1 0 9 9 1 1 1 1 1 1 1 1 1 1 1 1 1 1 1 1 1 1 1 1 1 1 1 1 1 1 1 1 1 1 1 9 0 0 0 9 1 1 1 1 1 1 1 1 1 1 1 1 1 1 1 1 1 1 1 1 1 1 1 1 9 9 0 0 0 0 0 0 0 0 0 0 1 0 0 0 0 0 0 0 0 0 0 0 0 0 0 0 0 0 9 9 1 1 1 9 9 0 9 1 1 9 9 9 9 9 9 9 9 9 9 0 0 0 0 0 0 0 0 0 0 0 0 0 0 0 0 0 9 9 1 1 1 1 9 9 0 0 0 0 0 1 1 0 0 0 0 0 0 9 1 1 1 1 1 1 9 0 0 0 0 0 0 0 0 0 0 0 0 0 0 0 0 0 0 9 1 1 1 1 1 1 1 1 1 1 1 1 1 1 1 1 9 9 9 9 9 9 9 9 9 9 9 1 1 1 1 1 1 1 1 1 1 1 1 9 9 0 0 0 0 0 0 0 0 0 0 0 0 0 0 0 0 0 0 0 0 0 0 0 0 0 0 0 9 1 1 1 1 1 1 1 1 1 1 1 1 1 1 1 1 1 1 1 9 9 0 0 0 0 0 0 0 0 0 0 0 0 9 1 1
1 1 1 1 1 1 1 9 9 0 0 0 0 1 0 0 0 9 1 1 1 1 9 9 1 1 1 1 1 1 1 1 1 1 1 1 1 1 1 1 1 1 1 1 1 1 1 9 9 9 9 0 0 0 9 9 1 1 1 1 1 1 1 1 1 1 1 1 1 1 1 1 1 1 1 1 1 1 1 1 9 0 0 0 0 0 0 0 0 0 0 0 0 0 0 0 0 0 0 0 0 0 9 9 9 9 9 9 9 9 1 1 1 1 9 0 0 9 1 1 1 1 1 1 1 1 1 1 1 9 9 9 0 0 0 0 0 0 0 0 0 0 0 0 0 0 0 0 9 9 9 1 1 1 9 0 0 0 0 0 0 0 1 1 1 0 0 0 9 1 1 1 1 1 1 9 0 0 0 0 0 0 0 0 0 0 0 0 0 0 9 9 9 9 9 1 1 1 1 1 1 1 1 1 1 1 1 1 1 1 1 1 1 1 1 1 1 1 1 1 1 1 1 1 1 1 1 9 9 1 1 1 1 1 1 9 0 0 0 0 0 0 0 0 0 0 0 0 0 0 0 0 0 0 0 0 0 0 0 0 0 9 9 9 1 1 1 9 9 9 9 9 9 9 9 9 9 9 9 9 1 1 1 1 9 9 9 0 0 0 0 0 0 0 0 0 0 9 1 1
1 1 1 1 1 1 9 9 0 0 0 0 0 0 0 0 9 9 1 1 1 1 9 9 9 9 9 9 9 9 9 9 9 9 9 9 9 9 9 9 9 9 9 9 9 9 9 9 0 0 0 0 0 0 0 9 9 1 1 1 1 1 1 1 1 1 1 1 1 1 1 1 1 1 1 1 1 1 1 1 9 0 0 0 0 0 0 0 0 0 0 0 0 0 0 0 0 9 9 9 9 9 9 1 1 1 1 1 1 1 1 1 1 9 9 0 0 9 1 1 1 1 1 1 1 1 1 1 1 1 1 9 0 0 0 0 0 0 0 0 0 0 0 0 0 192 0 0 0 0 9 1 1 1 9 0 0 0 0 0 0 0 0 0 0 0 0 0 9 9 9 1 1 1 1 9 0 0 0 0 0 0 0 0 0 0 0 0 0 9 9 1 1 1 1 1 1 9 9 9 9 9 9 9 9 9 9 9 9 1 1 1 1 1 1 1 1 1 1 1 1 1 1 1 9 9 9 9 9 9 9 9 1 1 1 9 9 0 0 0 0 0 0 0 0 0 0 0 0 0 0 0 0 0 0 0 0 0 0 0 9 9 1 1 1 1 9 9 0 0 0 0 0 0 0 0 0 0 0 9 9 1 1 1 1 1 9 9 9 9 9 9 0 0 0 0 0 9 1 1
1 1 1 1 1 1 9 0 0 0 0 0 0 0 9 9 9 1 1 1 9 9 9 0 0 0 0 0 0 0 0 0 0 0 0 0 0 0 0 0 0 0 0 0 0 0 0 0 0 0 0 0 0 0 0 0 9 9 9 9 9 9 9 1 1 1 1 1 1 1 1 1 1 1 1 1 1 1 1 1 9 9 9 0 0 0 0 0 0 0 0 0 0 0 0 0 0 9 1 1 1 1 1 1 1 1 1 1 1 1 1 1 9 9 0 0 0 9 9 9 9 9 9 9 9 9 9 1 1 1 1 9 9 0 0 0 0 0 0 0 0 0 0 1 1 1 0 0 0 0 9 9 1 1 9 9 0 0 0 0 0 0 0 0 0 0 0 0 0 0 9 9 9 1 1 9 0 0 0 0 0 0 0 0 192 0 1 0 9 9 1 1 1 1 1 1 1 9 0 0 0 0 0 0 0 0 0 0 9 9 9 9 9 9 9 9 9 9 9 9 9 9 9 9 9 0 0 0 0 0 0 9 9 1 1 1 9 0 0 0 0 9 9 9 9 9 9 9 9 9 9 9 9 9 9 9 9 9 9 9 9 1 1 1 1 1 9 0 0 0 0 0 0 0 0 0 0 0 0 0 9 9 1 1 1 1 1 1 1 1 1 9 9 9 9 9 9 9 1 1
1 1 1 1 1 9 9 0 0 0 0 0 0 9 9 1 1 1 1 1 9 0 0 0 0 0 0 0 0 0 0 0 0 0 0 0 0 0 0 0 0 0 0 0 0 0 0 0 0 0 0 0 0 0 0 0 0 0 0 0 0 0 9 9 1 1 1 1 1 1 1 1 1 1 1 1 1 1 1 1 1 1 9 0 0 0 0 0 0 0 0 0 0 0 0 0 0 9 1 1 1 1 1 1 1 9 9 9 9 9 9 9 9 0 0 0 0 0 0 0 0 0 0 0 0 0 9 9 9 1 1 1 9 9 0 0 0 0 0 0 0 0 0 0 0 0 1 0 0 0 0 9 1 1 1 9 0 0 0 0 0 0 0 0 0 0 0 0 0 0 0 0 9 1 1 9 0 0 0 0 0 0 0 0 1 1 1 9 9 1 1 1 1 9 9 9 9 9 0 0 0 0 0 0 0 0 0 0 0 0 0 0 0 0 0 0 0 0 0 0 0 0 0 0 0 0 0 0 0 0 0 0 9 1 1 1 9 0 0 0 0 9 1 1 1 1 1 1 1 1 1 1 1 1 1 1 1 1 1 1 1 1 1 1 9 9 9 0 0 0 0 0 0 0 0 0 0 0 0 0 0 9 9 9 1 1 1 1 1 1 1 1 1 1 1 1 1 1 1 1
1 1 1 1 1 9 0 0 0 0 0 0 0 9 1 1 1 1 1 9 9 0 0 0 0 0 0 0 0 0 0 0 0 0 0 0 0 0 0 0 0 0 0 0 0 0 0 0 0 0 0 0 0 0 0 0 0 0 0 0 0 0 0 9 1 1 1 1 1 1 1 1 1 1 1 1 1 1 1 1 1 1 9 0 0 0 0 0 0 0 0 0 0 0 0 0 0 9 1 1 9 9 9 9 9 9 0 0 0 0 0 0 0 0 0 0 0 0 0 0 0 0 0 0 0 0 0 0 9 1 1 1 1 9 9 0 0 0 0 0 0 0 0 0 0 0 0 1 0 0 0 9 1 1 1 9 9 0 0 0 0 0 0 0 0 0 0 0 0 0 0 0 9 1 1 9 0 0 0 0 0 0 0 9 9 9 9 9 1 1 1 1 9 9 0 0 0 0 0 0 0 0 0 0 0 0 0 0 0 0 0 1 192 0 0 0 0 0 0 0 0 0 0 0 0 0 0 0 0 0 0 0 9 9 1 1 9 9 0 0 9 9 1 1 1 1 1 1 1 1 1 1 1 1 1 1 1 1 1 1 1 1 1 9 9 0 0 0 0 0 0 0 0 192 0 0 0 0 0 0 0 0 0 9 9 9 9 9 9 1 1 1 1 1 1 1 1 1 1 1
1 1 1 1 1 9 0 0 0 0 0 0 9 9 1 1 1 9 9 9 0 0 0 0 0 0 0 0 0 0 0 0 0 0 0 0 0 0 0 0 0 0 0 0 0 0 0 0 0 0 0 0 0 0 0 0 0 0 0 1 1 0 0 9 9 9 9 9 9 9 9 9 9 9 9 9 9 9 9 9 1 1 9 0 0 0 0 0 192 0 0 0 0 0 0 0 0 9 1 1 9 0 0 0 0 0 0 0 0 0 0 0 0 0 0 0 0 0 0 0 0 0 0 0 0 0 0 0 9 9 1 1 1 1 9 9 0 0 0 0 0 0 0 0 0 0 0 0 1 0 0 9 9 1 1 1 9 0 0 0 0 0 0 0 0 0 0 0 0 0 200 0 9 1 1 9 0 0 0 0 9 9 9 9 1 1 1 1 1 1 1 9 9 0 0 0 0 0 0 0 0 0 0 0 0 0 0 0 0 0 0 0 1 1 1 1 1 0 0 0 0 0 0 0 0 0 0 0 0 0 0 0 0 9 1 1 1 9 9 0 9 1 1 1 9 9 9 9 9 9 9 9 9 9 9 9 9 9 9 9 9 9 9 9 0 0 0 0 0 0 0 0 0 1 0 0 0 0 0 0 0 0 0 0 0 0 0 0 9 1 1 1 1 1 1 1 1 1 1 1
1 1 1 1 1 9 0 0 0 0 0 0 9 1 1 1 9 9 0 0 0 0 0 0 0 0 0 0 0 0 0 0 0 0 0 0 0 0 192 0 0 0 0 0 0 0 0 0 0 0 0 0 0 0 0 0 0 0 0 1 0 0 0 0 0 0 0 0 0 0 0 0 0 0 0 0 0 0 0 9 1 1 9 9 0 0 1 1 1 0 1 0 0 0 0 0 0 9 1 1 9 0 0 0 0 0 0 0 0 0 0 0 0 0 0 0 0 0 0 0 0 0 0 0 0 0 0 0 0 9 9 1 1 1 1 9 9 0 0 0 0 0 0 0 0 0 0 0 0 0 0 0 9 1 1 1 9 0 0 0 0 0 0 0 0 0 0 0 0 0 0 0 9 1 1 9 0 0 0 0 9 1 1 1 1 1 1 1 1 1 9 9 0 0 0 0 0 0 0 0 0 0 0 0 0 0 0 0 0 0 0 0 0 0 0 0 0 0 0 0 0 0 0 0 0 0 0 0 0 0 0 0 0 9 1 1 1 1 9 0 9 1 1 1 9 0 0 0 0 0 0 0 0 0 0 0 0 0 0 0 0 0 0 0 0 0 0 0 0 0 0 0 0 1 0 0 0 0 0 0 0 0 0 0 0 0 0 0 9 9 9 9 1 1 1 1 1 1 1 1
1 1 1 1 1 9 0 0 0 0 0 0 9 1 1 1 9 0 0 0 0 0 0 0 0 9 9 9 9 9 9 9 9 9 9 9 1 1 1 1 1 9 9 9 9 9 9 9 9 9 9 9 0 0 0 0 0 0 192 1 0 0 0 0 0 0 0 0 0 0 0 0 0 0 0 0 0 0 0 9 1 1 1 9 0 0 0 0 0 0 0 0 0 0 0 0 0 9 1 1 9 0 0 0 0 0 0 0 0 0 0 0 0 0 9 9 9 9 9 0 0 0 0 0 0 0 0 0 0 0 9 9 1 1 1 1 9 9 0 0 0 0 0 0 0 0 0 0 0 0 0 0 9 9 1 1 9 0 0 0 0 0 0 0 0 0 0 0 0 0 0 0 9 1 1 9 0 0 0 0 9 1 1 1 1 1 9 9 9 9 9 0 0 0 0 0 0 0 0 0 0 0 0 0 0 0 0 0 0 0 0 0 0 0 0 0 0 0 0 0 0 0 0 0 0 0 0 0 0 0 0 0 0 9 9 1 1 1 9 9 9 1 1 9 9 1 192 0 0 0 0 0 0 0 0 0 0 0 0 0 0 0 0 0 0 0 0 0 0 0 0 0 0 0 0 0 0 0 0 0 0 0 0 0 0 0 0 0 0 0 0 9 9 1 1 1 1 1 1 1
1 1 1 1 1 9 192 0 0 0 0 0 9 1 1 9 9 0 0 0 0 0 0 0 9 9 1 1 1 1 1 1 1 1 1 1 1 1 1 1 1 1 1 1 1 1 1 1 1 1 1 9 9 9 0 0 0 1 1 1 0 0 0 0 0 0 0 0 0 0 0 0 0 0 0 0 0 192 0 9 1 1 1 9 9 0 0 0 0 0 0 0 0 0 0 0 0 9 1 1 9 0 0 0 0 0 0 0 0 0 0 1 192 0 9 1 1 1 9 9 0 0 0 0 0 0 0 0 0 0 0 9 9 1 1 1 1 9 9 0 0 0 0 0 0 0 0 0 0 0 0 0 0 9 1 1 9 9 0 0 0 9 9 9 9 9 9 9 9 9 9 9 9 1 1 9 0 0 0 0 9 1 1 9 9 9 9 0 0 0 0 0 0 0 0 0 0 0 0 0 0 0 0 0 0 0 0 0 0 0 0 0 0 0 0 0 0 0 0 0 0 0 0 0 0 0 0 0 0 0 0 0 0 0 9 9 1 1 1 1 9 1 1 9 0 0 1 1 0 0 0 0 0 0 0 0 0 0 0 0 0 0 0 0 0 0 0 0 0 0 0 0 0 0 0 0 0 0 0 0 0 0 0 0 0 0 0 0 0 0 0 0 9 9 1 1 1 1 1 1
1 1 1 1 1 9 1 0 0 0 0 9 9 1 1 9 0 0 0 0 0 0 0 9 9 1 1 1 1 1 1 1 1 1 1 1 1 1 1 1 1 1 1 1 1 1 1 1 1 1 1 1 1 9 9 0 0 0 0 0 0 0 0 0 0 0 0 0 0 0 0 0 0 0 0 0 1 1 0 9 9 1 1 1 9 9 9 9 0 0 0 0 0 0 0 0 9 9 1 1 9 0 0 0 0 0 0 0 0 0 0 0 1 0 9 1 1 1 1 9 9 0 0 0 0 0 0 0 0 0 0 0 9 9 1 1 1 1 9 9 0 0 0 0 0 0 0 0 0 0 0 0 0 9 1 1 1 9 0 0 0 9 1 1 1 1 1 1 1 1 1 1 1 1 1 9 0 0 0 0 9 1 1 9 0 0 0 0 0 0 0 0 0 0 0 0 0 0 0 0 0 0 0 0 0 0 0 0 0 0 0 0 0 0 0 0 0 0 0 0 0 0 0 0 0 0 0 0 0 0 0 0 0 0 0 9 1 1 1 1 1 1 1 9 0 0 0 0 0 0 0 0 0 0 0 0 0 0 0 0 0 0 0 0 0 0 0 0 0 0 0 0 0 0 0 0 0 0 0 0 0 0 0 0 0 0 0 0 192 0 0 0 0 9 9 1 1 1 1 1
1 1 1 1 1 9 1 0 0 0 0 9 1 1 1 9 0 0 0 0 0 0 9 9 1 1 1 1 1 1 1 9 9 9 9 9 9 9 9 9 9 9 9 9 9 9 9 9 1 1 1 1 1 1 9 0 0 0 0 0 0 0 0 0 0 0 9 9 9 9 9 0 0 0 0 0 0 1 0 0 9 1 1 1 1 1 1 9 9 9 9 9 0 0 0 0 9 1 1 1 9 0 0 0 0 0 0 0 0 0 0 0 0 0 9 1 1 1 1 1 9 9 0 0 0 0 0 0 0 0 0 192 0 9 9 1 1 1 1 9 9 0 0 0 0 0 0 0 0 0 0 0 0 9 1 1 1 9 9 0 0 9 1 1 1 1 1 1 1 1 1 1 1 1 1 9 0 0 0 0 9 1 1 9 0 1 192 0 0 0 0 0 0 0 0 0 0 0 0 0 0 0 0 0 0 0 0 0 0 0 0 0 0 0 0 0 0 0 0 0 0 0 0 0 0 0 0 0 0 0 0 0 0 0 0 9 9 9 1 1 1 1 1 9 0 0 0 0 0 0 0 0 0 0 0 0 0 0 0 0 0 0 0 0 0 0 0 0 0 0 0 0 0 0 0 0 0 0 0 0 0 0 0 0 0 0 0 0 1 0 0 0 0 0 9 9 1 1 1 1
1 1 1 1 1 9 1 0 0 0 0 9 1 1 1 9 0 0 0 0 0 0 9 1 1 1 1 1 1 9 9 9 0 0 0 0 0 0 0 0 0 0 0 0 0 0 0 9 9 9 9 1 1 1 9 0 0 0 0 0 0 0 0 9 9 9 9 1 1 1 9 0 0 0 0 0 0 1 0 0 9 1 1 1 1 1 1 1 1 1 1 9 9 9 9 9 9 1 1 1 9 0 0 0 0 0 0 0 9 9 9 9 9 9 9 1 1 1 1 1 1 9 9 0 0 0 0 0 0 0 0 1 1 0 9 9 1 1 1 1 9 9 0 0 0 0 0 0 0 0 0 0 0 9 9 1 1 1 9 9 9 9 1 1 9 9 9 9 9 9 9 9 9 9 9 9 0 0 0 0 9 1 1 9 0 1 1 1 0 0 0 0 0 0 0 0 0 0 0 0 0 0 0 9 9 9 9 9 9 9 9 9 9 9 9 9 9 9 9 9 9 9 9 9 9 9 9 0 0 0 0 0 0 0 0 0 0 9 9 9 9 9 9 9 0 0 0 0 0 0 0 0 0 0 0 0 0 0 0 0 0 0 0 0 0 0 0 0 0 0 0 0 0 0 0 0 0 0 0 0 0 0 0 0 0 0 0 0 0 0 0 0 0 0 0 9 9 1 1 1
1 1 1 1 1 9 1 0 0 0 0 9 1 1 9 9 0 0 0 0 0 0 9 1 1 1 1 9 9 9 0 0 0 0 0 0 0 0 0 0 192 0 0 0 192 0 0 192 0 0 9 9 1 1 9 0 0 0 0 0 0 9 9 9 1 1 1 1 1 1 9 9 0 0 0 0 0 0 0 0 9 1 1 1 1 1 1 1 1 1 1 1 1 1 1 1 1 1 1 1 9 0 0 0 0 0 9 9 9 1 1 1 1 1 1 1 1 1 1 1 1 1 9 9 0 0 0 0 0 0 0 0 0 0 0 9 9 1 1 1 1 9 9 0 0 0 0 0 0 0 0 0 0 0 9 1 1 1 1 1 1 1 1 1 9 0 0 0 0 0 0 0 0 0 0 0 0 0 0 0 9 1 1 9 0 0 0 0 0 0 0 0 0 0 0 0 0 0 9 9 9 9 9 9 1 1 1 1 1 1 1 1 1 1 1 1 1 1 1 1 1 1 1 1 1 1 9 9 9 0 0 0 0 0 0 0 0 0 0 0 0 0 0 0 0 0 0 0 0 0 0 0 0 0 0 9 9 9 9 9 9 9 9 9 9 9 9 9 9 9 9 9 9 9 9 9 9 9 0 0 0 0 0 0 0 0 0 0 0 0 0 0 0 0 0 0 9 1 1 1
1 1 1 1 1 9 1 0 0 0 0 9 1 1 9 0 0 0 0 0 0 0 9 9 1 1 1 9 0 0 0 0 0 0 0 0 0 0 0 0 1 0 0 1 1 1 0 1 1 0 0 9 1 1 9 0 0 0 0 9 9 9 1 1 1 1 1 1 1 1 1 9 0 0 0 0 0 0 0 0 9 1 1 1 1 1 1 1 1 1 1 1 1 1 1 1 1 1 1 1 9 0 0 0 0 0 9 1 1 1 1 1 1 1 1 1 1 9 9 1 1 1 1 9 0 0 0 0 0 0 0 0 0 0 0 0 9 9 1 1 1 1 9 9 0 0 0 0 0 0 0 0 0 0 9 9 1 1 1 1 1 1 1 1 9 0 0 0 0 0 0 0 0 0 0 0 0 0 0 0 9 1 1 9 0 0 0 0 0 0 0 0 0 0 0 0 0 9 9 1 1 1 1 1 1 1 1 1 1 1 1 1 1 1 1 1 1 1 1 1 1 1 1 1 1 1 1 1 9 9 9 0 0 0 0 0 0 0 0 0 0 0 0 0 0 0 0 0 0 0 0 0 0 9 9 9 1 1 1 1 1 1 1 1 1 1 1 1 1 1 1 1 1 1 1 1 1 9 9 9 9 9 9 9 0 0 0 0 0 0 0 0 0 0 0 0 9 1 1 1
1 1 1 1 1 9 0 0 0 0 0 9 1 1 9 0 0 0 0 0 0 0 0 9 9 1 1 9 0 0 0 0 0 192 0 0 0 0 0 0 0 0 0 0 0 0 0 0 0 0 0 9 1 1 9 0 0 0 0 9 1 1 1 1 1 1 1 1 1 1 1 9 9 9 0 0 0 0 0 0 9 1 1 1 1 1 1 1 1 1 1 1 1 1 1 1 1 1 1 1 9 0 0 0 0 0 9 1 1 1 1 9 9 9 9 9 9 9 9 9 1 1 1 9 9 0 0 0 0 0 0 0 0 0 0 0 0 9 9 1 1 1 1 9 0 0 0 0 0 0 0 0 0 0 0 9 9 9 9 9 9 9 9 9 9 0 0 0 0 0 0 0 0 0 0 0 0 0 0 9 9 1 1 9 0 0 0 0 0 0 0 0 0 0 0 9 9 9 1 1 1 1 1 1 1 1 9 9 9 9 9 9 9 9 9 9 9 9 1 1 1 1 1 1 1 1 1 1 1 1 9 9 0 0 0 0 0 0 0 0 0 0 0 0 0 0 0 0 0 0 0 0 9 9 1 1 1 1 1 1 1 1 1 1 1 1 1 1 1 1 1 1 1 1 1 1 1 1 1 1 1 1 1 9 9 9 9 9 0 0 0 0 0 0 0 0 9 1 1 1
1 1 1 1 1 9 0 0 0 0 0 9 1 1 9 0 0 0 0 0 0 0 0 9 9 1 1 9 0 0 0 0 1 1 1 0 0 0 0 0 0 0 0 0 0 0 0 0 0 0 0 9 1 1 9 0 0 0 0 9 1 1 1 1 1 1 1 1 1 1 1 1 1 9 0 0 0 0 0 0 9 1 1 1 1 1 1 1 1 1 1 1 1 1 1 1 1 1 1 1 9 0 0 0 0 0 9 1 1 9 9 9 0 0 0 0 0 0 0 9 9 1 1 1 9 9 0 0 0 0 0 0 0 0 0 0 0 0 9 9 1 1 1 9 9 0 0 0 0 0 0 0 0 0 0 0 0 0 0 0 0 0 0 0 0 0 0 0 0 0 0 0 0 0 0 0 0 0 0 9 1 1 1 9 0 0 0 0 0 0 0 0 0 0 9 9 1 1 1 1 1 9 9 9 9 9 9 0 0 0 0 0 0 0 0 0 0 9 9 9 1 1 1 1 1 1 1 1 1 1 1 9 9 0 0 0 0 0 0 0 0 0 0 0 0 0 0 0 0 0 9 9 9 1 1 1 1 1 1 1 9 9 9 9 1 1 1 1 1 1 1 1 1 1 1 1 1 1 1 1 1 1 1 1 1 1 1 9 9 0 0 0 0 0 0 0 9 1 1 1
1 1 1 1 1 9 0 0 0 0 0 9 1 1 9 0 0 0 0 0 0 0 0 9 1 1 1 9 0 0 0 0 0 0 0 0 0 0 0 0 0 0 0 0 0 0 0 0 0 0 0 9 1 1 9 0 0 9 9 9 1 1 1 1 1 1 1 1 1 1 1 1 1 9 9 0 0 0 0 0 9 1 1 1 1 1 1 1 1 1 1 1 1 1 1 1 1 1 1 1 9 0 0 0 0 0 9 1 1 9 0 0 0 0 0 0 0 0 0 0 9 1 1 1 1 9 9 9 0 0 0 0 0 0 0 0 0 0 0 9 9 1 1 1 9 9 0 0 0 0 0 0 0 0 0 0 0 0 0 0 0 0 0 0 0 0 0 0 0 0 0 0 0 0 9 9 9 9 9 9 1 1 1 9 0 0 0 0 0 0 0 0 0 0 9 1 1 1 1 1 9 9 0 0 0 0 0 0 0 0 0 0 0 0 0 0 0 0 0 9 9 1 1 1 1 1 1 1 1 1 1 1 9 9 0 0 0 0 192 0 0 0 0 0 0 0 0 0 0 0 9 1 1 1 1 1 1 1 9 9 9 0 0 9 9 9 1 1 1 1 1 1 1 1 1 1 1 1 1 1 1 1 1 1 1 1 1 1 9 0 0 0 0 0 0 0 9 1 1 1
1 1 1 1 1 9 0 0 0 0 0 9 1 1 9 0 0 0 0 0 0 0 0 9 1 1 1 9 0 0 0 0 0 0 0 0 0 0 0 0 0 0 0 0 0 0 0 0 0 0 0 9 1 1 9 0 0 9 1 1 1 1 1 1 1 1 1 1 1 1 1 1 1 1 9 9 0 0 0 0 9 9 1 1 1 1 1 1 1 1 1 1 1 1 1 1 1 1 1 1 9 0 0 0 0 0 9 1 1 9 0 0 0 0 0 0 0 0 0 0 9 9 1 1 1 1 1 9 9 0 0 0 0 0 0 0 0 0 0 0 9 1 1 1 1 9 0 0 0 0 0 0 0 0 0 0 0 0 0 0 0 0 0 0 0 0 0 0 0 0 0 0 0 0 9 1 1 1 1 1 1 1 9 9 0 0 0 0 0 0 0 0 0 9 9 1 1 1 9 9 9 0 0 0 0 0 0 0 0 0 0 0 0 0 0 0 0 0 0 0 9 9 1 1 1 1 1 1 1 1 1 1 1 9 9 0 0 1 1 0 0 0 0 0 0 0 0 0 9 9 9 1 1 1 1 9 9 9 9 0 0 0 0 0 0 9 1 1 1 1 1 1 1 1 1 1 1 1 1 1 1 1 1 1 1 1 1 1 9 0 0 0 0 0 0 0 9 1 1 1
1 1 1 1 1 9 0 0 0 0 0 9 9 9 9 0 0 0 0 0 0 0 0 9 9 1 1 9 0 0 0 0 0 0 0 0 0 0 0 0 0 0 0 0 0 0 0 0 0 0 0 9 1 1 9 0 202 9 1 1 1 1 1 1 1 1 1 1 1 1 1 1 1 1 1 9 0 0 0 0 0 9 1 1 1 1 1 1 1 1 1 1 1 1 1 1 1 1 1 1 9 0 0 0 0 0 9 1 1 9 0 0 1 0 0 0 0 0 0 0 0 9 9 1 1 1 1 1 9 9 0 0 0 0 0 0 0 192 0 0 9 9 1 1 1 9 9 0 0 0 0 0 0 0 0 0 0 0 0 0 0 0 0 0 0 0 0 0 0 0 0 0 0 9 9 1 1 1 1 1 1 1 9 0 0 0 0 0 0 0 0 0 9 9 1 1 1 9 9 0 0 0 0 0 0 0 0 0 0 0 0 0 0 0 0 0 0 0 0 0 0 9 9 1 1 1 1 1 1 1 1 1 1 1 9 0 0 0 0 0 0 9 9 9 9 9 9 9 9 1 1 1 1 9 9 9 0 0 0 0 0 0 0 0 0 9 9 1 1 1 1 1 1 1 1 1 1 1 1 1 1 1 1 1 1 1 1 1 9 0 0 0 0 0 0 9 9 1 1 1
1 1 1 1 1 9 0 0 0 0 0 0 0 0 0 0 0 0 0 0 0 0 9 9 9 1 1 9 0 0 0 0 0 0 0 0 0 0 0 0 0 0 0 0 0 0 0 0 0 0 0 9 1 1 9 0 0 9 1 1 1 1 1 1 1 1 1 1 1 1 1 1 1 1 1 9 9 0 0 0 0 9 1 1 1 1 1 1 1 1 1 1 1 1 1 1 1 1 1 1 9 0 0 0 0 0 9 1 1 9 0 0 1 192 0 0 0 0 0 0 0 0 9 9 9 1 1 1 1 9 0 0 0 0 0 0 0 1 1 0 0 9 9 1 1 1 9 9 0 0 0 0 0 0 0 0 0 0 0 0 0 0 0 0 0 0 0 0 0 0 0 0 9 9 1 1 1 9 9 9 9 9 9 0 0 0 0 0 0 0 0 0 9 1 1 1 1 9 0 0 0 0 0 0 0 0 0 0 0 0 0 0 0 0 0 0 0 0 0 0 0 0 9 9 1 1 1 1 1 1 1 1 1 1 9 9 0 0 0 0 9 9 1 1 1 1 1 1 1 1 1 1 1 9 0 0 0 0 0 0 0 0 0 0 0 0 9 9 1 1 1 1 1 1 1 1 1 1 1 1 1 1 1 1 1 1 1 1 9 0 0 0 0 9 9 9 1 1 1 1
1 1 1 1 1 9 0 0 0 0 0 0 0 0 0 0 0 0 0 0 0 0 9 1 1 1 1 9 0 0 0 0 0 0 0 0 0 0 0 0 0 0 0 0 0 0 0 0 0 0 0 9 1 1 9 9 0 9 1 1 1 1 9 9 9 9 9 9 9 9 9 9 9 1 1 1 9 0 0 0 0 9 9 1 1 1 1 1 1 1 1 1 1 1 1 1 1 1 1 1 9 0 0 0 0 0 9 1 1 9 0 0 1 1 0 0 0 0 0 0 0 0 0 0 9 9 1 1 1 9 9 9 0 0 0 0 0 0 0 0 0 0 9 1 1 1 1 9 0 0 0 0 0 0 0 0 0 0 0 0 0 0 0 192 0 0 0 0 0 0 0 0 9 1 1 1 1 9 0 0 0 0 0 0 0 0 0 0 0 0 0 0 9 1 1 1 9 9 0 0 0 0 0 0 0 0 192 0 0 0 0 0 0 0 0 0 0 0 0 0 0 0 0 9 1 1 1 1 1 1 1 1 1 1 1 9 9 0 0 0 9 1 1 1 1 1 1 1 1 1 1 9 9 9 0 0 0 0 0 0 0 0 0 0 0 0 0 9 9 1 1 1 1 1 1 1 1 1 1 1 1 1 1 1 1 1 1 1 9 0 0 0 9 9 1 1 1 1 1 1
1 1 1 1 1 9 0 0 192 0 0 0 0 0 0 0 0 0 0 0 0 9 9 1 1 1 1 9 0 0 0 0 0 0 9 9 9 9 9 9 9 9 9 9 9 0 0 0 0 0 0 9 1 1 1 9 9 9 1 1 9 9 9 0 0 0 0 0 0 0 0 0 9 1 1 1 9 9 0 0 0 0 9 9 1 1 1 1 1 1 1 1 1 1 1 1 1 1 1 1 9 0 0 0 0 0 9 1 1 9 0 0 0 0 0 0 0 0 0 0 0 0 0 0 0 9 9 1 1 1 1 9 9 0 0 0 0 0 0 0 0 0 9 9 1 1 1 9 9 0 0 0 0 0 0 0 0 0 0 0 0 0 1 1 1 0 1 0 0 0 0 0 9 1 1 1 9 9 0 0 0 0 0 0 0 0 0 0 0 0 0 9 9 1 1 9 9 0 0 0 0 0 0 0 0 0 1 0 0 0 0 0 0 0 0 0 0 0 0 0 0 0 0 9 9 1 1 1 1 1 1 1 1 1 1 1 9 9 9 9 9 1 1 1 1 1 1 1 1 1 1 9 0 0 0 0 0 0 0 0 9 9 9 0 0 0 0 0 9 9 9 1 1 1 1 1 1 1 1 1 1 1 1 1 1 1 1 1 9 0 0 0 9 1 1 1 1 1 1 1
1 1 1 1 1 9 1 1 1 1 1 0 0 0 0 0 0 0 0 0 0 9 1 1 1 9 9 9 0 0 0 0 0 0 9 1 1 1 1 1 1 1 1 1 9 9 9 9 0 0 0 9 1 1 1 9 9 1 1 1 9 0 0 0 0 0 0 0 0 1 0 0 9 9 1 1 1 9 0 0 0 0 0 9 1 1 1 1 1 1 1 1 1 1 1 1 1 1 1 1 9 0 0 0 0 0 9 1 1 9 0 0 0 0 0 0 0 0 0 0 0 0 0 0 0 0 9 1 1 1 1 1 9 9 0 0 0 0 0 0 0 0 0 9 9 1 1 1 9 9 9 9 0 0 0 0 0 0 0 0 0 0 0 0 0 0 0 0 0 0 0 9 9 1 1 9 9 0 0 0 0 0 0 0 0 0 0 0 0 0 9 9 1 1 1 9 0 0 0 0 0 0 0 0 0 0 1 0 0 0 0 0 0 0 0 0 0 0 0 0 0 0 0 0 9 9 1 1 1 1 1 1 1 1 1 1 1 1 1 1 1 1 1 1 1 1 1 1 1 9 9 9 0 0 0 0 0 0 0 0 9 1 9 0 0 0 0 0 0 0 9 9 1 1 1 1 1 1 1 1 1 1 1 1 1 1 1 1 9 0 0 0 9 1 1 1 1 1 1 1
1 1 1 1 1 9 0 0 0 0 1 0 0 0 0 0 0 0 0 0 0 9 1 1 1 9 0 0 0 0 0 0 0 0 9 1 1 1 1 1 1 1 1 1 1 1 1 9 9 0 0 9 9 1 1 1 1 1 1 1 9 0 0 0 0 0 0 0 192 1 0 0 0 9 1 1 1 9 9 0 0 0 0 9 9 1 1 1 1 1 1 1 1 1 1 1 1 1 1 1 9 0 0 0 0 0 9 1 1 9 0 0 0 0 0 0 0 0 0 0 0 0 0 0 0 0 9 9 9 1 1 1 1 9 9 9 0 0 0 0 0 0 0 0 9 1 1 1 1 1 1 9 9 9 9 9 9 9 9 9 9 9 9 9 9 0 0 0 0 0 9 9 1 1 1 9 0 0 0 0 0 0 0 0 0 0 0 0 0 9 9 1 1 1 1 9 0 0 0 0 0 0 0 0 0 0 1 0 0 0 0 0 0 0 0 0 0 0 0 0 0 0 0 0 0 9 9 9 1 1 1 1 1 1 1 1 1 1 1 1 1 1 1 1 1 1 1 1 9 9 0 0 0 0 0 0 0 0 0 0 9 1 9 0 0 0 0 0 0 0 0 9 9 1 1 1 1 1 1 1 1 1 1 1 1 1 1 9 9 0 0 0 9 1 1 1 1 1 1 1
1 1 1 1 1 9 0 0 0 0 0 0 0 0 0 0 0 0 0 0 0 9 1 1 9 9 0 0 0 0 0 0 0 0 9 1 1 1 1 1 1 1 1 1 1 1 1 1 9 0 0 0 9 1 1 1 1 1 1 9 9 0 0 0 0 1 1 1 1 1 0 0 0 9 9 1 1 1 9 0 0 0 0 0 9 1 1 1 1 1 1 1 1 1 1 1 1 1 1 1 9 0 0 0 0 0 9 1 1 9 0 0 0 0 0 0 0 0 0 0 0 0 0 0 0 0 0 0 9 9 1 1 1 1 1 9 0 0 0 0 0 0 0 0 9 9 1 1 1 1 1 1 1 1 1 1 1 1 1 1 1 1 1 1 9 9 9 9 9 9 9 1 1 1 1 9 0 0 0 0 0 0 0 0 0 0 0 0 9 9 1 1 1 1 9 9 0 0 0 0 0 0 0 0 0 0 1 0 0 0 0 0 0 0 0 0 0 0 0 0 0 0 0 0 0 0 0 9 9 1 1 1 1 1 1 1 1 1 1 1 1 1 1 1 1 1 9 9 9 0 0 0 0 0 0 0 0 0 0 0 9 1 9 0 0 0 0 0 0 0 0 0 9 9 9 1 1 1 1 1 1 1 1 1 1 1 1 9 0 0 0 9 9 1 1 1 1 1 1 1
1 1 1 1 1 9 0 0 0 0 0 0 0 0 0 0 0 0 192 0 0 9 1 1 9 0 0 0 0 0 0 0 0 0 9 9 1 1 1 1 1 1 1 1 1 1 1 1 9 0 0 0 9 9 9 9 9 9 9 9 0 0 0 0 0 0 0 0 0 0 0 0 0 0 9 1 1 1 9 9 0 0 0 0 9 9 1 1 1 1 1 1 1 1 1 1 1 1 1 1 9 0 0 0 0 0 9 1 1 9 0 0 0 0 0 0 0 0 0 0 0 0 0 0 0 0 0 0 0 9 9 1 1 1 1 9 0 0 0 0 0 0 0 0 0 9 9 9 9 1 1 1 1 1 1 1 1 1 1 1 1 1 1 1 1 1 1 1 1 1 1 1 1 1 9 9 0 0 0 0 0 0 0 0 0 0 0 9 9 1 1 1 1 9 9 0 0 0 0 0 0 0 0 0 0 0 1 0 0 0 0 0 0 0 0 0 0 0 0 0 0 0 0 0 0 0 0 0 9 9 9 1 1 1 1 1 1 1 1 1 1 1 1 1 1 9 9 0 0 0 0 0 0 0 0 0 0 0 0 0 9 1 9 0 0 0 0 0 0 0 0 0 0 0 9 9 1 1 1 1 1 1 1 1 1 1 1 9 0 0 0 9 1 1 1 1 1 1 1 1
1 1 1 1 1 9 0 0 0 0 0 0 0 0 0 0 0 1 1 0 0 9 1 1 9 0 0 0 0 0 0 0 0 0 0 9 1 1 1 1 1 1 1 1 1 1 1 1 9 0 0 0 0 0 0 0 0 0 0 0 0 0 0 0 0 0 0 0 0 0 0 0 0 0 9 1 1 1 1 9 0 0 0 0 0 9 9 9 1 1 1 1 1 1 1 1 1 1 1 1 9 0 0 0 0 0 9 1 1 9 0 0 0 0 0 0 9 9 9 9 9 9 9 0 0 0 0 0 0 0 9 9 9 1 1 9 0 0 0 0 0 0 0 0 0 0 0 0 9 9 9 9 9 9 9 9 9 9 9 9 9 9 1 1 1 1 1 1 1 1 1 1 1 9 9 0 0 0 0 0 0 0 0 0 0 0 9 9 1 1 1 1 9 9 0 0 0 0 0 0 0 0 0 0 0 0 0 0 0 0 0 0 1 1 1 1 192 0 0 0 0 0 0 0 0 0 0 0 0 0 9 9 1 1 1 1 1 1 1 1 1 1 1 1 9 9 0 0 0 0 0 0 0 0 0 0 0 0 0 0 9 1 9 0 0 0 0 0 0 0 0 0 0 0 0 9 9 1 1 1 1 9 9 9 9 9 9 9 0 0 0 9 1 1 1 1 1 1 1 1
1 1 1 1 1 9 0 0 0 0 0 0 0 0 0 0 0 0 0 0 9 9 1 1 9 0 0 0 0 0 0 0 0 0 0 9 1 1 1 1 1 1 1 1 1 1 1 1 9 0 0 0 0 0 0 0 0 0 0 0 0 0 0 0 0 0 0 0 0 0 0 0 0 0 9 9 1 1 1 9 0 0 0 0 0 0 0 9 9 9 1 1 1 1 1 1 1 1 1 1 9 0 0 0 0 0 9 1 1 9 0 0 0 0 0 0 9 1 1 1 1 1 9 9 0 0 0 0 0 0 0 0 9 1 1 9 9 0 0 0 0 0 0 0 0 0 0 0 0 0 0 0 0 0 0 0 0 0 0 0 0 9 9 9 9 9 9 9 9 9 9 9 9 9 0 0 0 0 0 0 0 0 0 0 0 9 9 1 1 1 1 9 9 0 0 0 0 0 0 0 0 0 0 0 0 0 0 0 0 0 0 0 0 0 0 0 1 0 0 0 0 0 0 0 0 0 0 0 0 0 0 9 9 9 9 9 9 9 9 9 9 9 9 9 9 0 0 0 0 0 0 0 0 0 0 0 0 0 0 0 9 9 9 0 0 0 0 0 0 0 0 0 0 0 0 0 9 9 1 1 9 9 0 0 0 0 0 0 0 0 0 9 9 1 1 1 1 1 1 1
1 1 1 1 1 9 0 0 0 0 0 0 0 0 0 0 0 0 9 9 9 1 1 1 9 0 0 0 0 0 9 9 9 9 9 9 1 1 1 1 1 1 1 1 1 1 1 1 9 0 0 0 0 0 0 0 0 0 0 0 0 0 0 0 0 0 0 0 0 0 0 0 0 0 0 9 1 1 1 9 0 0 0 0 0 0 0 0 0 9 9 9 9 9 9 9 9 9 9 9 9 0 0 0 0 0 9 1 1 9 0 0 0 0 0 0 9 1 1 1 1 1 1 9 0 0 0 0 0 0 0 0 9 1 1 1 9 0 0 0 0 0 0 0 0 0 0 0 0 0 0 0 0 0 0 0 0 0 0 0 0 0 0 0 0 0 0 0 0 0 0 0 0 0 0 0 0 0 0 0 0 0 0 9 9 9 1 1 1 1 9 9 0 0 0 0 0 0 0 0 0 0 0 0 0 0 0 0 0 0 0 0 0 0 0 0 0 0 0 0 0 0 0 0 0 0 0 0 0 0 0 0 0 0 0 0 0 0 0 0 0 0 0 0 0 0 0 0 0 0 0 0 0 0 0 9 9 9 0 0 0 0 0 0 0 0 0 0 0 0 0 0 0 0 0 0 0 9 9 9 9 0 0 0 0 0 0 0 0 0 0 0 9 1 1 1 1 1 1 1
1 1 1 1 1 9 0 9 9 9 9 9 0 9 9 9 9 9 9 1 1 1 1 1 9 0 0 0 0 0 9 1 1 1 9 9 1 1 1 1 1 1 1 1 1 1 1 1 9 9 0 0 0 0 0 0 0 0 0 0 0 0 0 0 0 0 0 0 0 0 0 0 0 0 0 9 9 1 1 9 0 0 0 0 0 0 0 0 0 0 0 0 0 0 0 0 0 0 0 0 0 0 0 0 192 0 9 1 1 9 0 0 0 0 0 9 9 1 1 1 1 1 1 9 0 0 0 0 0 0 192 0 9 1 1 1 9 0 0 0 0 0 0 0 0 0 0 0 0 0 0 0 0 0 0 0 0 0 0 0 0 0 0 0 0 0 0 0 0 192 1 0 0 0 0 0 0 0 0 0 0 9 9 9 1 1 1 1 1 9 9 0 0 0 0 0 0 0 0 0 0 0 0 0 0 0 0 0 0 0 0 0 0 0 0 0 0 0 0 0 0 0 0 0 0 0 0 0 0 0 0 0 0 0 0 0 0 0 0 0 0 0 0 0 0 0 0 0 0 0 0 0 0 0 0 9 1 9 0 0 0 0 0 0 0 0 192 1 0 0 0 0 0 0 0 0 0 0 0 0 0 0 0 0 0 0 0 0 0 0 192 0 9 1 1 1 1 1 1 1
1 1 1 1 1 9 9 9 1 1 1 9 9 9 1 1 1 1 1 1 1 1 1 9 9 0 0 0 0 0 9 1 9 9 9 9 9 1 1 1 1 1 1 1 1 1 1 1 1 9 0 0 0 0 0 0 0 0 0 0 0 0 0 0 0 0 0 0 0 0 0 0 0 0 0 0 9 1 1 9 9 9 0 0 192 0 0 0 0 0 0 0 0 0 0 0 0 0 0 0 0 0 0 0 1 0 9 1 1 9 0 0 0 0 0 9 1 1 1 1 1 1 1 9 0 0 0 0 0 1 1 1 9 9 1 1 9 0 0 0 0 0 0 0 0 0 0 0 0 0 0 0 0 0 0 0 0 0 0 0 0 0 0 0 0 0 0 0 0 1 1 0 0 0 0 0 0 0 0 0 9 9 1 1 1 1 1 1 9 9 0 0 0 0 0 0 0 0 0 0 0 0 0 9 9 9 9 9 9 9 9 9 9 9 9 9 9 9 9 9 9 9 9 9 0 0 0 0 0 0 0 0 0 0 0 0 0 0 0 0 0 0 0 0 0 0 0 0 0 0 0 0 0 0 0 9 1 9 0 0 0 0 0 0 0 1 1 1 0 0 0 0 0 0 0 0 192 0 0 0 0 0 0 0 0 0 0 0 0 1 1 1 9 1 1 1 1 1 1 1
1 1 1 1 1 1 1 1 1 1 1 1 1 1 1 1 1 1 1 1 1 9 9 9 0 0 0 0 0 0 9 1 9 0 0 0 9 1 1 1 1 1 1 1 1 1 1 1 1 9 9 9 9 9 9 9 9 9 9 9 9 9 9 0 0 0 0 0 0 0 0 0 0 0 0 0 9 1 1 1 1 9 0 1 1 1 0 0 0 0 0 0 0 0 0 0 0 0 0 0 0 0 0 0 0 0 9 1 1 9 0 0 0 0 0 9 1 1 1 1 1 1 1 9 0 0 0 0 0 0 0 0 9 9 1 1 9 0 0 1 192 0 0 0 0 0 0 0 0 0 0 0 0 0 0 0 0 0 0 0 0 0 0 0 0 0 0 0 0 0 0 0 0 0 0 0 0 0 9 9 9 1 1 1 1 1 9 9 9 0 0 0 0 0 0 0 0 0 0 0 0 0 9 9 1 1 1 1 1 1 1 1 1 1 1 1 1 1 1 1 1 1 1 9 9 9 0 0 0 0 0 0 0 0 0 0 0 0 0 0 0 0 0 0 0 0 0 0 0 0 0 0 0 0 0 9 1 9 0 0 0 0 0 0 0 0 0 0 0 0 0 0 0 0 0 0 1 1 0 0 0 0 0 0 0 0 0 0 0 0 0 0 9 9 1 1 1 1 1 1
1 1 1 1 1 1 1 1 1 1 1 1 1 1 1 1 1 1 9 9 9 9 0 0 0 0 0 0 0 0 9 1 9 0 0 0 9 9 1 1 1 1 1 1 1 1 1 1 1 1 1 1 1 1 1 1 1 1 1 1 1 1 9 9 9 9 9 0 0 0 0 0 0 0 0 0 9 1 1 1 1 9 0 0 0 0 0 0 0 0 0 0 0 0 0 0 0 0 0 0 0 0 1 0 0 0 9 1 1 9 0 0 0 0 0 9 1 1 1 1 1 1 9 9 0 0 0 0 0 0 0 0 9 1 1 1 9 0 0 1 1 1 0 0 0 0 0 0 0 0 0 0 0 0 0 0 0 0 0 0 0 0 0 0 0 0 0 0 0 0 0 0 0 0 0 0 0 9 9 1 1 1 1 1 9 9 9 0 0 0 0 0 0 0 0 0 0 9 9 9 9 9 9 1 1 1 1 1 1 1 1 1 1 1 1 1 1 1 1 1 1 1 1 1 1 9 9 9 9 0 0 0 0 0 0 0 0 0 0 0 0 0 0 0 0 0 0 0 0 0 0 0 0 0 0 9 9 9 0 0 0 0 0 0 0 0 0 0 9 9 9 9 9 9 0 0 0 1 0 0 0 0 0 0 0 0 0 0 0 0 0 0 9 9 1 1 1 1 1 1
1 1 1 1 1 9 9 9 9 9 9 1 1 1 9 9 9 9 9 0 0 0 0 0 0 0 0 0 0 0 9 1 9 0 0 0 0 9 9 1 1 1 1 1 1 1 1 1 1 1 1 1 1 1 1 1 1 1 1 1 1 1 1 1 1 1 9 9 0 0 0 0 0 0 0 0 9 9 9 1 1 9 0 0 0 0 192 0 0 0 0 0 0 0 0 0 0 0 0 0 0 0 0 0 0 0 9 1 1 9 0 0 0 0 0 9 1 1 1 1 1 1 9 0 0 0 0 0 0 0 0 0 9 1 1 1 9 0 0 0 0 0 0 0 0 0 0 0 0 0 0 0 0 0 0 0 0 0 0 0 0 0 0 0 0 0 0 0 0 0 0 0 0 0 0 0 9 9 1 1 1 1 1 9 9 0 0 0 0 0 0 0 0 0 0 0 9 9 1 1 1 1 1 1 1 1 1 9 9 9 9 9 9 9 9 9 9 9 9 9 9 1 1 1 1 1 1 1 9 9 0 0 0 0 0 0 1 192 0 0 0 0 0 0 0 0 0 0 0 0 0 0 0 0 0 0 0 0 0 0 0 9 9 9 9 9 9 9 9 1 1 1 1 9 9 9 9 9 9 9 9 9 9 9 9 9 9 9 9 9 9 9 9 1 1 1 1 1 1 1
1 1 1 1 1 9 0 0 0 0 9 9 9 9 9 0 0 0 0 0 0 0 0 0 0 0 0 0 0 0 9 1 9 0 0 0 0 0 9 9 1 1 1 1 1 1 1 1 1 1 1 1 1 1 1 1 1 1 1 1 1 1 1 1 1 1 1 9 0 0 0 0 0 0 0 0 0 0 9 1 1 9 0 0 0 1 1 1 0 0 0 0 0 0 0 0 0 0 0 0 0 0 9 9 9 9 9 1 1 9 0 0 0 0 9 9 1 1 1 1 1 1 9 0 0 0 0 0 0 0 0 0 9 1 1 1 9 0 0 0 0 0 0 0 0 0 0 0 0 0 0 0 0 0 0 0 0 0 0 0 0 0 0 0 0 0 0 0 0 0 0 0 0 0 0 9 9 1 1 1 1 9 9 9 0 0 0 0 0 0 0 0 0 0 0 0 9 1 1 1 1 1 1 1 1 1 9 9 0 0 0 0 0 0 0 0 0 0 0 0 9 9 9 1 1 1 1 1 1 9 9 0 0 0 0 0 0 1 0 0 0 0 0 0 0 0 0 0 0 0 0 0 1 192 0 0 0 0 0 0 0 9 1 1 1 1 1 1 1 1 1 1 1 1 1 1 1 1 1 1 1 1 1 1 1 1 1 1 1 1 1 1 1 1 1 1 1 1 1 1
1 1 1 1 1 9 0 0 0 0 0 0 0 0 0 0 0 0 0 0 0 0 0 0 0 0 0 0 0 0 9 1 9 0 0 0 0 0 0 9 1 1 1 1 1 1 1 1 1 1 1 1 1 1 1 1 1 1 1 1 1 1 1 1 1 1 1 9 0 0 0 0 0 0 0 0 0 0 9 1 1 9 0 0 0 0 0 0 0 0 0 0 0 0 0 0 0 0 0 0 0 9 9 1 1 1 1 1 1 9 0 0 0 0 9 1 1 1 1 1 1 1 9 0 0 0 0 0 0 0 0 0 9 1 1 1 9 9 9 9 9 9 9 9 9 9 9 9 9 9 9 9 9 9 9 9 9 9 9 0 0 0 0 0 0 0 0 0 0 0 0 0 0 0 9 9 1 1 1 1 9 9 0 0 0 0 0 0 0 192 1 1 1 0 0 9 9 1 1 1 9 9 9 9 9 9 9 0 0 0 0 0 0 0 0 0 0 0 0 0 0 0 9 9 9 9 1 1 1 1 9 9 9 0 0 0 0 0 0 0 0 0 0 0 0 0 0 0 0 0 0 0 0 1 1 0 0 0 0 0 9 9 1 1 1 1 1 1 1 1 1 1 1 1 1 1 1 1 1 1 1 1 1 1 1 1 1 1 1 1 1 1 1 1 1 1 1 1 1 1
1 1 1 1 1 9 0 1 0 0 0 0 0 0 0 0 0 0 0 0 0 0 0 0 0 0 0 0 0 0 9 1 9 0 0 0 0 0 0 9 9 1 1 1 1 1 1 1 1 1 1 1 1 1 1 1 1 1 1 1 1 1 1 1 1 1 1 9 0 0 0 0 0 0 0 0 0 0 9 1 1 9 0 0 0 0 0 0 0 0 0 0 0 0 0 0 0 0 0 0 9 9 1 1 1 1 1 1 1 9 0 0 0 0 9 1 1 1 9 9 1 1 9 9 9 9 9 9 0 0 0 0 9 1 1 1 1 1 1 1 1 1 1 1 1 1 1 1 1 1 1 1 1 1 1 1 1 1 9 9 9 9 9 9 9 9 9 9 9 9 9 9 9 9 9 1 1 1 1 9 9 0 0 0 0 0 0 0 0 1 0 0 9 9 9 9 1 1 1 9 9 0 0 0 0 0 0 0 0 0 0 0 0 0 0 0 0 0 9 9 9 0 0 0 0 9 9 1 1 1 1 1 9 9 9 0 0 0 0 0 0 0 0 0 0 0 0 0 0 0 0 0 0 0 0 0 0 0 0 9 9 1 1 1 9 9 9 9 9 9 9 9 9 9 9 9 9 9 9 9 9 9 9 9 9 9 9 9 9 9 9 9 9 1 1 1 1 1 1 1
1 1 1 1 1 9 0 1 192 0 0 0 0 0 0 0 0 0 0 0 0 0 0 0 0 0 0 0 0 0 9 9 9 0 0 0 0 0 199 0 9 1 1 1 1 1 1 1 1 1 1 1 1 1 1 1 1 1 1 1 1 1 1 1 1 1 1 9 9 0 0 0 0 0 0 0 0 0 9 1 1 9 9 0 0 0 0 0 0 0 0 0 0 0 0 0 0 0 0 9 9 1 1 1 1 9 9 9 9 9 0 0 0 0 9 1 1 9 9 9 1 1 1 1 1 1 1 9 0 0 0 0 9 1 1 1 1 1 1 1 1 1 1 1 1 1 1 1 1 1 1 1 1 1 1 1 1 1 1 1 1 1 1 1 1 1 1 1 1 1 1 1 1 1 1 1 1 1 9 9 0 0 0 0 0 0 0 0 1 0 9 9 9 1 1 1 1 1 1 9 0 0 0 0 0 0 0 0 0 0 0 0 0 0 0 0 0 0 9 1 9 0 0 0 0 0 9 9 1 1 1 1 1 1 9 9 0 0 0 0 0 0 0 0 0 0 0 0 0 0 0 0 0 0 0 9 9 9 9 9 1 1 1 1 9 0 0 0 0 0 0 0 0 0 0 0 0 0 0 0 0 0 0 0 0 0 0 0 0 0 0 0 9 9 1 1 1 1 1 1
1 1 1 1 1 9 0 1 1 0 0 0 0 0 0 0 0 0 0 0 0 0 0 0 0 0 0 0 0 0 0 0 0 0 0 0 0 0 0 0 9 1 1 1 1 1 1 1 1 1 1 1 1 1 1 1 1 1 1 1 1 1 1 1 1 1 1 1 9 0 0 0 0 0 0 0 0 0 9 1 1 1 9 9 9 9 9 9 9 9 9 9 9 9 9 9 9 9 9 9 1 1 1 1 9 9 0 0 0 0 0 0 0 0 9 1 1 9 0 9 1 1 1 1 1 1 1 9 0 0 0 0 9 1 1 1 1 1 1 1 1 9 9 1 1 1 9 9 9 9 9 9 9 9 9 9 1 1 1 1 1 1 1 1 1 1 1 1 1 1 1 1 1 1 1 1 1 9 9 0 0 0 0 0 0 0 0 0 0 9 9 1 1 1 1 1 1 1 9 9 0 0 0 0 0 0 0 0 0 0 0 0 0 0 0 0 0 0 9 1 9 0 0 0 0 0 0 9 9 9 1 1 1 1 1 9 9 9 9 9 9 9 9 9 9 9 9 9 9 9 9 9 9 9 9 9 1 1 1 1 1 1 1 9 9 0 0 0 0 0 0 0 0 0 0 0 0 0 0 0 0 0 0 0 0 0 0 0 0 0 0 0 0 9 9 1 1 1 1 1
1 1 1 1 1 9 0 0 0 0 0 0 0 0 0 0 0 0 0 0 0 192 0 0 0 0 0 0 0 0 0 0 0 192 1 1 1 0 0 9 9 1 1 1 1 1 1 1 1 1 1 1 1 1 1 1 1 1 1 1 1 1 1 1 1 1 1 1 9 0 0 0 0 0 0 0 0 0 9 1 1 1 1 1 1 1 1 1 9 9 1 1 1 1 1 1 1 1 1 1 1 1 1 9 9 0 0 0 0 0 0 0 0 9 9 1 1 9 0 9 9 9 9 9 9 1 1 9 0 0 0 0 9 1 1 1 1 9 9 9 9 9 9 9 9 9 9 0 0 0 0 0 0 0 0 9 9 9 9 9 9 9 9 9 9 9 9 9 9 9 9 9 9 9 9 9 9 9 0 0 0 0 0 0 0 0 0 9 9 9 1 1 1 1 1 9 9 9 9 0 0 0 0 0 0 0 0 0 0 0 0 0 0 0 0 0 0 0 9 1 9 0 0 0 0 0 0 0 0 9 9 9 1 1 1 1 1 1 1 1 1 1 1 1 1 1 1 1 1 1 1 1 1 1 1 1 1 1 1 1 1 1 9 9 0 0 0 0 0 0 0 0 0 0 0 0 0 0 0 0 0 0 0 0 0 0 0 0 0 0 0 1 0 0 9 1 1 1 1 1
1 1 1 1 1 9 9 0 0 0 0 0 0 0 0 0 0 0 0 0 1 1 0 0 0 0 0 0 0 0 0 0 0 1 1 0 0 9 9 9 1 1 1 1 1 1 1 1 1 1 1 1 1 1 1 1 1 1 1 1 1 1 1 1 1 1 1 1 9 9 0 1 192 0 0 0 0 0 9 9 1 1 1 1 1 1 1 1 1 1 1 1 1 1 1 1 1 1 1 1 1 1 9 9 0 0 0 0 0 0 0 0 0 9 1 1 1 9 0 0 0 0 0 0 9 1 1 9 0 0 0 0 9 9 9 9 9 9 0 0 0 0 0 0 0 0 0 0 0 0 0 0 0 0 0 0 0 0 0 0 0 0 0 0 0 0 0 0 0 0 0 0 0 0 0 0 0 0 0 0 0 0 0 0 0 0 0 9 1 1 1 1 1 9 9 9 0 0 0 0 0 0 0 0 0 0 0 0 0 0 0 0 0 0 0 0 0 9 9 1 9 0 0 0 0 0 0 0 0 0 0 9 9 1 1 1 1 1 1 1 1 1 1 1 1 1 1 1 1 1 1 1 1 1 1 1 1 1 1 1 9 9 9 0 0 0 0 0 0 0 0 0 0 0 0 0 0 0 0 0 0 0 0 0 0 0 0 0 0 0 192 1 0 0 9 1 1 1 1 1
1 1 1 1 1 1 9 0 0 0 0 0 0 0 0 0 0 0 0 0 0 0 0 0 0 0 0 0 0 0 0 0 0 0 0 9 9 9 1 1 1 1 1 1 1 1 1 1 1 1 1 1 1 1 1 1 1 1 1 1 1 1 1 1 1 1 1 1 1 9 0 1 1 1 0 0 0 0 0 9 9 9 1 1 1 1 1 1 1 1 1 1 1 1 1 1 1 1 1 9 9 9 9 0 0 0 0 0 0 0 0 0 0 9 1 1 1 9 0 0 0 0 0 0 9 1 1 9 0 0 0 0 0 0 0 0 0 0 0 0 0 0 0 0 0 0 0 0 0 0 0 0 0 0 0 0 0 0 0 0 0 0 0 0 0 0 0 0 0 0 0 0 0 0 0 0 0 0 0 0 0 0 0 0 0 0 9 9 1 1 1 1 9 9 0 0 0 0 0 0 0 0 0 0 0 0 0 0 0 0 0 0 0 0 0 0 0 9 1 9 9 0 0 0 0 0 0 0 0 0 0 0 9 9 9 9 9 9 9 9 9 9 9 9 9 1 1 1 1 1 1 1 1 1 1 1 1 1 1 1 9 0 0 0 0 0 0 0 0 0 0 0 0 0 0 0 0 0 0 0 0 0 0 0 0 0 0 0 0 0 1 1 0 0 9 9 9 1 1 1
1 1 1 1 1 1 9 0 0 0 0 0 0 0 0 0 0 0 0 0 0 0 0 0 9 9 9 9 9 0 0 0 0 0 9 9 1 1 1 1 1 1 1 1 1 1 1 1 1 1 1 1 1 1 1 1 1 1 1 1 1 1 1 1 1 1 1 1 1 9 9 9 9 9 9 0 0 0 0 0 0 9 9 9 9 9 9 9 9 9 9 9 9 9 9 9 9 9 9 9 0 0 0 0 0 0 0 0 0 0 0 0 0 9 1 1 9 9 0 0 0 0 0 1 9 1 1 9 0 0 0 0 0 0 0 0 0 0 0 0 0 0 0 0 0 0 0 0 0 0 0 0 0 0 0 0 0 0 0 0 0 0 0 0 0 0 0 0 0 0 0 0 0 0 0 0 0 0 0 0 0 0 0 0 0 9 9 1 1 1 9 9 9 0 0 0 0 0 0 0 0 0 0 0 0 0 0 0 0 0 0 0 0 0 0 9 9 9 1 9 0 0 0 0 0 0 0 0 0 0 0 0 0 0 0 0 0 0 0 0 0 0 0 0 9 9 9 1 1 1 1 1 1 1 1 1 1 1 1 1 9 0 0 0 0 0 0 0 0 0 0 0 0 0 0 0 0 0 0 0 0 0 0 0 0 0 0 0 0 0 0 0 0 0 0 0 9 1 1 1
1 1 1 1 1 1 9 0 0 0 0 0 0 9 9 9 9 9 9 9 9 9 9 9 9 1 1 1 9 9 9 9 9 9 9 1 1 1 1 1 1 1 1 1 1 1 1 1 1 1 1 1 1 1 1 1 1 1 1 1 1 1 1 1 1 1 1 1 1 1 1 1 1 1 9 0 0 0 0 0 0 0 0 0 0 0 0 0 0 0 192 0 0 0 0 0 0 0 0 0 0 0 0 0 0 0 0 0 0 0 0 0 9 9 1 1 9 0 0 0 0 0 192 1 9 1 1 9 0 0 0 0 0 0 0 0 0 0 0 0 0 0 0 0 0 0 0 0 0 0 0 0 0 0 0 0 0 0 0 0 0 0 0 0 0 0 0 0 0 0 0 0 0 0 0 0 0 0 0 0 0 0 0 0 9 9 1 1 1 1 9 0 0 0 0 0 0 0 0 0 0 0 0 0 0 0 0 0 0 0 0 0 0 0 0 9 1 1 9 9 0 0 0 0 0 0 0 0 0 0 0 0 0 0 0 0 0 0 0 0 0 0 0 0 0 0 9 9 9 1 1 1 1 1 1 1 1 1 1 1 9 0 1 192 0 0 0 0 0 0 0 0 0 0 0 0 0 0 0 0 0 0 0 0 0 0 0 0 0 0 0 0 0 0 0 0 9 1 1 1
1 1 1 1 1 1 9 0 0 0 0 0 9 9 1 1 9 9 1 1 1 1 1 1 1 1 1 1 1 1 1 1 1 1 1 1 1 1 1 1 1 1 1 1 1 1 1 1 1 1 1 1 1 1 1 1 1 1 1 1 1 1 1 1 1 1 1 1 1 1 1 1 1 1 9 0 0 0 0 0 0 0 0 0 0 0 0 0 0 1 1 1 0 0 0 0 0 0 0 0 0 0 0 0 0 0 0 0 0 192 1 0 9 1 1 1 9 0 0 0 0 1 1 1 9 1 1 9 0 0 0 0 0 0 0 0 0 0 0 0 0 0 0 192 0 0 0 0 0 0 0 0 0 0 0 0 0 0 0 0 0 192 0 0 0 0 0 0 0 0 0 0 0 0 0 0 0 0 0 192 1 0 0 0 9 1 1 1 1 9 9 0 0 0 0 0 0 0 0 0 0 0 0 0 0 0 0 0 0 0 0 0 0 0 0 9 9 9 9 0 0 0 0 0 0 0 0 0 0 0 0 0 0 0 0 0 0 0 0 0 0 192 0 0 0 0 0 0 9 9 1 1 1 1 1 1 1 1 1 1 9 0 1 1 0 0 0 0 0 0 0 0 0 0 0 0 0 0 0 0 0 0 0 0 0 0 0 0 0 0 0 0 0 0 0 0 9 1 1 1
1 1 1 1 1 9 9 0 0 0 0 0 9 1 1 1 1 1 1 1 1 1 1 1 1 1 1 1 1 1 1 1 1 1 1 1 1 1 1 1 1 1 1 1 1 1 1 1 1 1 1 1 1 1 1 1 1 1 1 1 1 1 1 1 1 1 1 1 1 1 1 1 1 1 9 9 0 0 0 0 0 0 0 0 0 0 0 0 0 0 0 0 0 0 0 0 0 0 0 0 0 0 0 0 0 0 0 0 0 1 1 9 9 1 1 1 9 0 0 0 0 0 0 0 9 1 1 9 0 0 0 0 0 0 0 0 0 0 0 0 0 0 0 1 0 0 0 0 0 0 0 0 0 0 0 0 0 0 0 0 1 1 1 1 0 0 0 0 0 0 0 0 0 0 0 0 0 0 1 1 1 0 0 9 9 1 1 1 9 9 0 0 0 0 1 1 192 192 0 0 0 0 0 0 0 0 0 0 0 0 0 0 0 0 0 0 0 0 0 0 0 0 0 0 0 0 0 0 0 0 0 0 0 0 0 0 0 0 0 0 0 0 0 0 0 0 0 0 0 9 9 1 1 1 1 1 1 1 1 1 9 0 0 0 0 0 0 0 9 9 9 9 9 9 9 9 9 9 9 9 9 9 9 9 9 9 9 9 0 0 0 0 0 0 0 0 9 1 1 1
1 1 1 1 1 9 0 0 0 0 0 0 9 1 1 1 1 1 1 1 1 1 1 1 1 1 1 1 1 1 1 1 1 1 1 1 1 1 1 1 1 1 1 1 1 1 1 1 1 1 1 1 1 1 1 1 1 1 1 1 1 1 1 1 1 1 1 1 1 1 1 1 1 1 1 9 0 0 0 0 0 0 0 0 0 0 0 0 0 0 0 0 0 0 0 0 0 0 0 0 0 0 0 0 0 0 0 0 0 0 0 9 1 1 1 9 9 0 0 0 0 0 0 0 9 1 1 9 0 0 0 0 0 0 0 0 0 0 0 0 0 0 0 1 0 0 0 0 0 0 0 0 0 0 0 0 0 0 0 0 0 0 0 0 0 0 0 0 0 0 0 0 0 0 0 0 0 0 0 0 9 9 9 9 1 1 1 9 9 0 0 0 0 0 0 1 1 1 0 0 0 0 0 0 0 0 0 0 0 0 0 0 0 0 0 0 0 0 0 0 0 0 0 0 0 0 0 0 0 0 0 0 0 0 0 0 0 0 0 1 1 1 1 1 0 0 0 0 0 0 9 9 1 1 1 1 1 1 1 1 9 0 0 0 0 0 0 0 9 1 1 1 1 1 1 1 1 1 1 1 1 1 1 1 1 1 1 9 0 0 0 0 0 0 0 0 9 1 1 1
1 1 1 1 9 9 0 0 0 0 0 0 9 1 1 1 1 1 1 1 1 1 1 1 1 1 1 1 1 1 1 1 1 1 1 1 1 1 1 1 1 1 1 1 1 1 1 1 1 1 1 1 1 1 1 1 1 1 1 1 1 1 1 1 1 1 1 1 1 1 1 1 1 1 1 9 9 0 0 0 0 0 0 0 0 0 0 0 0 0 0 0 0 0 0 0 0 0 0 0 0 0 0 0 0 0 0 0 0 0 9 9 1 1 1 9 0 0 0 0 0 0 0 0 9 1 1 9 9 9 9 9 9 9 9 9 9 9 9 9 9 9 9 9 9 9 9 9 9 9 9 9 9 9 9 9 9 9 9 9 9 9 9 9 9 9 9 9 9 9 9 9 9 9 9 9 9 9 9 9 9 1 1 1 1 1 1 9 0 0 0 0 0 0 0 0 0 0 0 0 0 0 0 0 0 0 0 0 0 0 0 0 0 0 0 0 0 0 0 0 0 0 0 0 0 0 0 0 0 0 0 0 0 0 0 0 0 0 0 0 0 0 0 0 0 0 0 0 0 0 0 9 1 1 1 1 1 1 1 1 9 9 0 0 0 0 0 0 9 1 1 1 1 1 1 1 1 1 1 1 1 1 1 1 1 1 1 9 0 0 0 0 0 0 0 0 9 1 1 1
1 1 1 1 9 0 0 0 0 0 0 0 9 1 1 1 1 1 1 1 1 1 1 1 1 1 1 1 1 1 1 1 1 1 1 1 1 1 1 1 1 1 1 1 1 1 1 1 1 1 1 1 1 1 1 1 1 1 1 1 1 1 1 1 1 1 1 1 1 1 1 1 1 1 1 1 9 9 0 0 0 0 0 0 0 0 0 0 0 0 0 0 0 0 0 0 0 0 0 0 0 0 0 0 0 0 0 0 0 9 9 1 1 1 9 9 0 9 9 9 9 0 0 0 9 1 1 1 1 1 1 1 1 1 1 1 1 1 1 1 1 1 1 1 1 1 1 1 1 1 1 1 1 1 1 1 1 1 1 1 1 1 1 1 1 1 1 1 1 1 1 1 1 1 1 1 1 1 1 1 1 1 1 1 1 1 9 9 0 0 0 0 0 0 0 0 0 0 0 0 0 0 0 0 0 0 0 0 0 9 9 9 9 0 0 0 0 0 0 0 0 0 0 0 0 0 0 0 0 0 0 0 0 0 0 0 0 0 0 0 0 0 0 0 0 0 0 0 0 0 0 9 1 1 1 1 1 1 1 1 1 9 0 0 0 0 0 0 9 1 1 9 9 9 9 9 9 9 9 9 9 9 9 9 9 9 9 9 0 0 0 0 0 0 0 0 9 1 1 1
1 1 1 9 9 0 0 0 0 0 0 0 9 1 1 1 1 1 1 1 1 1 1 1 1 1 1 1 1 1 1 1 1 1 1 1 1 1 1 1 1 1 1 1 1 1 1 1 1 1 1 1 1 1 1 1 1 1 1 1 1 1 1 1 1 1 1 1 1 1 1 1 1 1 1 1 1 9 9 9 9 9 9 9 9 9 9 9 9 9 9 9 9 9 9 9 9 9 9 9 9 9 9 9 9 9 9 9 9 9 1 1 1 1 9 0 0 9 1 1 9 0 0 0 9 1 1 1 1 1 1 1 1 1 1 1 1 1 1 1 1 1 1 1 1 1 1 1 1 1 1 1 1 1 1 1 1 1 1 1 1 1 1 1 1 1 1 1 1 1 1 1 1 1 1 1 1 1 1 1 1 1 1 9 9 9 9 0 0 0 0 0 0 0 0 0 0 0 0 0 0 0 0 0 0 0 0 0 9 9 1 1 9 0 0 0 0 0 0 0 0 0 0 0 0 0 0 0 0 0 0 0 0 0 0 0 0 0 0 0 0 0 0 0 0 0 0 0 0 0 0 9 1 1 1 1 1 1 1 1 1 9 0 0 0 0 0 0 9 1 1 9 0 0 0 0 0 0 0 0 0 0 0 0 0 0 0 0 0 0 0 0 0 0 0 0 9 1 1 1
1 1 1 9 0 0 0 0 0 0 0 0 9 1 1 1 1 1 1 1 1 1 1 1 1 1 1 1 1 1 1 1 1 1 1 1 1 1 1 1 1 1 1 1 1 1 1 1 1 1 1 1 1 1 1 1 1 1 1 1 1 1 1 1 1 1 1 1 1 1 1 1 1 1 1 1 1 1 1 1 1 1 1 1 1 1 1 1 1 1 1 1 1 1 1 1 1 1 1 1 1 1 1 1 1 1 1 1 1 1 1 1 1 9 9 0 0 9 1 1 9 0 0 0 9 9 9 9 9 9 9 9 9 9 9 9 9 9 9 9 9 9 1 1 1 1 1 1 1 1 1 1 1 1 1 1 1 1 1 1 1 1 1 1 1 1 1 1 1 1 1 1 1 9 9 9 9 9 9 9 9 9 9 9 0 0 0 0 0 0 0 0 0 0 0 0 0 0 0 0 0 0 0 0 0 0 0 9 9 1 1 1 9 0 0 0 0 0 0 0 0 0 0 0 0 0 0 0 0 0 0 0 0 0 0 0 0 0 0 0 0 0 0 0 0 0 0 0 0 0 0 9 1 1 1 1 1 1 1 1 1 9 0 0 0 0 0 0 9 1 1 9 0 0 0 0 0 0 0 0 0 0 0 0 0 0 0 0 0 0 0 0 0 192 0 0 9 1 1 1
1 1 1 9 0 0 0 0 0 0 0 0 9 1 1 1 1 1 1 1 1 1 1 1 1 1 1 1 1 1 1 1 1 1 1 1 1 1 1 1 1 1 1 1 1 1 1 1 1 1 1 1 1 1 1 1 1 1 1 1 1 1 1 1 1 1 1 1 1 1 1 1 1 1 1 1 1 1 1 1 1 1 1 1 1 1 1 1 1 1 1 1 1 1 1 1 1 1 1 1 1 1 1 1 1 1 1 1 1 1 1 1 9 9 0 0 0 9 1 1 9 0 0 0 0 0 0 0 0 0 0 0 0 0 0 0 0 0 0 0 0 9 9 9 1 1 1 1 1 1 1 1 1 1 1 1 1 1 1 1 1 1 1 1 1 1 1 1 1 1 1 1 1 9 0 0 0 0 0 0 0 0 0 0 0 0 0 0 0 0 0 0 0 0 0 0 0 0 0 0 0 0 0 0 9 9 9 9 1 1 1 1 9 0 0 0 0 0 0 0 0 0 192 0 1 0 0 0 0 0 0 0 0 0 0 0 0 0 0 0 0 0 0 0 0 0 0 0 0 0 0 9 1 1 1 1 1 1 1 1 1 9 9 0 0 0 0 0 9 1 1 9 0 0 0 0 0 0 0 0 0 0 0 0 0 0 0 0 0 0 0 0 0 1 0 0 9 1 1 1
1 1 1 9 0 0 0 0 0 0 0 0 9 1 1 1 1 1 1 1 1 1 1 1 1 1 1 1 1 1 1 1 1 1 1 1 1 1 1 1 1 1 1 1 1 1 1 1 1 1 1 9 9 9 9 9 9 9 1 1 1 1 1 1 1 1 1 1 1 1 1 1 1 1 1 1 1 1 1 1 1 1 1 1 1 1 1 1 1 1 1 1 1 1 1 1 1 1 9 9 9 9 9 9 9 9 9 9 9 9 9 9 9 0 0 0 0 9 1 1 9 0 1 1 0 0 0 0 0 0 0 0 0 0 0 0 0 0 0 0 0 0 0 9 9 1 1 1 1 1 1 1 1 1 1 1 1 1 1 1 1 1 1 1 1 1 1 1 1 1 1 1 9 9 0 0 0 0 0 0 0 0 0 0 0 0 0 0 0 0 0 0 0 0 0 0 0 0 0 0 0 0 9 9 9 1 1 1 1 1 1 1 9 9 0 0 0 0 0 0 0 0 1 1 1 0 0 0 0 0 0 0 0 0 9 9 9 9 9 9 9 9 0 0 0 0 0 0 0 0 0 9 1 1 1 1 1 1 1 1 1 1 9 0 0 0 0 0 9 1 1 9 0 0 1 0 0 0 0 0 0 0 0 0 0 0 0 0 0 0 0 0 0 0 0 0 9 1 1 1
1 1 1 9 0 0 0 0 0 0 0 0 9 1 1 1 1 1 1 1 1 1 1 1 1 1 1 1 1 1 1 1 1 1 1 1 1 1 1 1 1 1 1 1 1 1 1 1 1 1 9 9 1 192 0 0 0 9 9 9 1 1 1 1 1 1 1 1 1 1 1 1 1 1 1 1 1 1 1 1 1 1 1 1 1 1 1 1 1 1 1 1 1 1 1 9 9 9 9 0 0 0 0 0 0 0 0 0 0 0 0 0 0 0 0 0 0 9 1 1 9 0 0 0 1 192 0 0 0 0 0 0 0 0 0 0 0 0 0 0 0 0 0 0 9 9 1 1 1 1 1 1 1 1 1 1 1 1 1 1 1 1 1 1 1 1 1 1 1 1 1 9 9 0 0 0 0 0 0 0 0 192 0 0 0 0 0 0 0 0 0 0 0 0 0 0 0 0 0 0 0 9 9 1 1 1 1 1 1 1 1 1 1 9 9 0 0 0 0 0 0 1 1 0 0 0 0 0 0 0 0 0 9 9 9 1 1 1 1 1 1 9 9 0 0 0 0 0 0 0 0 9 9 1 1 1 1 1 1 1 1 1 9 9 0 0 0 0 9 1 1 9 0 0 1 192 0 0 0 0 0 0 9 9 0 0 0 0 0 0 0 0 0 0 0 0 9 1 1 1
1 1 1 9 0 0 0 0 0 0 0 9 9 1 1 1 1 1 1 1 1 1 1 1 1 1 1 1 1 1 1 1 1 1 1 1 1 1 1 1 1 1 1 1 1 1 1 1 1 9 9 0 0 1 0 0 0 0 0 9 1 1 1 1 1 1 1 1 1 1 1 1 1 1 1 1 1 1 1 1 1 1 1 1 1 1 1 1 1 1 1 1 1 1 9 9 0 0 0 192 1 0 0 0 0 0 0 0 0 0 0 0 0 0 0 0 9 9 1 1 9 9 9 0 0 1 1 0 0 0 0 0 0 0 0 0 0 0 0 0 0 0 0 0 0 9 9 9 1 1 1 1 1 1 1 1 1 1 1 1 1 1 1 1 1 1 1 1 1 9 9 9 0 0 0 0 0 0 0 1 1 1 0 0 0 0 0 0 0 0 0 0 0 0 0 0 0 0 0 9 9 9 1 1 1 1 1 1 1 1 1 1 1 1 9 9 0 0 0 0 0 0 0 0 0 0 0 0 9 9 9 9 9 1 1 1 1 1 1 1 1 1 9 0 0 0 0 0 0 0 0 0 9 1 1 1 1 1 1 1 1 1 1 9 9 0 0 0 9 1 1 9 0 0 1 1 0 0 0 0 0 0 9 9 0 0 0 0 0 0 0 0 0 0 0 0 9 1 1 1
1 1 1 9 0 0 0 0 0 0 0 9 1 1 1 1 1 1 1 1 1 1 1 1 1 1 1 1 1 1 1 1 1 1 1 1 1 1 1 1 1 1 1 1 1 1 1 1 9 9 0 0 0 0 0 0 0 0 0 9 9 1 1 1 1 1 1 1 1 1 1 1 1 1 1 1 1 1 1 1 1 1 1 1 1 1 1 1 1 1 1 1 1 9 9 0 0 0 0 1 1 0 0 0 0 0 0 0 0 0 0 0 0 0 0 0 9 1 1 1 1 1 9 9 0 0 0 0 0 0 0 0 0 0 0 0 0 0 0 0 0 0 0 0 0 0 0 9 9 9 1 1 1 1 1 1 1 1 1 1 1 1 1 1 1 1 1 1 9 9 0 0 0 0 0 0 0 0 0 0 0 1 0 0 0 0 0 0 0 0 0 0 0 0 0 0 9 9 9 9 1 1 1 1 1 1 1 1 1 1 1 1 1 1 1 9 9 9 0 0 0 0 0 0 0 9 9 9 9 1 1 1 1 1 1 1 1 1 1 1 1 1 9 9 9 9 0 0 0 0 0 0 9 9 9 1 1 1 1 1 1 1 1 1 9 0 0 0 9 1 1 9 0 0 0 0 0 0 0 0 0 0 9 9 9 9 9 9 9 9 9 9 9 9 9 9 9 1 1 1
1 1 1 9 0 0 0 0 0 0 0 9 1 1 1 1 1 1 1 1 1 1 1 1 1 1 1 1 1 1 1 1 1 1 1 1 1 1 1 1 1 1 1 1 1 1 9 9 9 0 0 0 0 0 0 0 0 0 0 0 9 1 1 1 1 1 1 1 1 1 1 1 1 1 1 1 1 1 1 1 1 1 1 1 1 1 1 1 1 1 1 9 9 9 0 0 0 0 0 0 0 0 0 0 0 0 0 0 0 0 0 0 192 0 0 0 9 1 1 1 1 1 1 9 9 9 0 0 0 0 0 0 0 0 0 0 0 0 0 0 0 0 0 0 0 0 0 0 0 9 9 9 9 9 9 9 9 9 9 9 9 9 9 9 9 9 9 9 9 0 0 0 0 0 0 0 0 0 0 0 0 0 0 0 0 0 0 0 0 0 0 0 0 0 0 9 9 1 1 1 1 1 1 1 1 1 1 1 1 1 1 1 1 1 1 1 1 9 0 0 0 0 0 9 9 9 1 1 1 1 1 1 1 1 1 1 1 1 1 1 1 1 1 1 1 9 9 0 0 0 0 0 0 0 9 9 9 1 1 1 1 1 1 1 9 0 0 0 9 1 1 9 0 0 1 0 0 0 0 0 0 0 9 1 1 1 1 1 1 1 1 1 1 1 1 1 1 1 1 1
1 1 1 9 0 0 0 0 0 0 0 9 9 1 1 1 1 1 1 1 1 1 1 1 1 1 1 1 1 1 1 1 1 1 1 1 1 1 1 1 1 1 1 1 1 9 9 0 0 0 0 0 0 0 0 0 0 0 0 0 9 9 1 1 1 1 1 1 1 1 1 1 1 1 1 1 1 1 1 1 1 1 1 1 1 1 1 1 1 1 9 9 0 0 0 0 0 0 0 0 0 0 0 0 0 0 0 0 0 0 0 0 1 1 0 9 9 1 1 1 1 1 1 1 1 9 9 9 0 0 0 0 0 0 0 0 0 0 0 0 0 0 0 0 0 0 0 0 0 0 0 0 0 0 0 0 0 0 0 0 0 0 0 0 0 0 0 0 0 0 0 0 0 0 0 0 0 0 0 0 0 0 0 0 0 0 0 0 0 0 0 0 0 0 9 9 1 1 1 1 1 1 1 1 1 1 1 1 1 1 1 1 1 1 1 1 1 9 9 9 0 9 9 9 1 1 1 1 1 1 1 1 1 1 1 1 1 1 1 1 1 1 1 1 1 1 9 9 0 0 0 0 0 0 0 0 9 1 1 1 1 1 1 1 9 0 0 0 9 1 1 9 0 1 192 0 0 0 0 0 0 0 9 1 1 1 1 1 1 1 1 1 1 1 1 1 1 1 1 1
1 1 1 9 0 0 0 0 0 0 0 0 9 1 1 1 1 1 1 1 1 1 1 1 1 1 1 1 1 1 1 1 1 1 1 1 1 1 1 1 1 1 1 1 9 9 0 0 0 0 0 0 9 9 9 9 0 0 0 0 0 9 9 9 9 1 1 1 1 1 1 1 1 1 1 1 1 1 1 1 1 1 1 1 1 1 1 1 1 9 9 0 0 0 0 0 0 0 0 0 0 0 0 0 0 0 0 0 0 0 1 1 0 0 0 9 1 1 1 1 1 1 1 1 1 1 1 9 9 9 9 9 9 9 9 9 9 9 0 0 0 0 0 0 0 0 0 0 0 0 0 0 0 0 0 0 0 0 0 0 0 0 0 0 0 0 0 0 0 0 0 0 0 0 0 0 0 0 0 0 0 0 0 0 0 0 0 0 0 0 0 0 9 9 9 1 1 1 1 1 1 1 1 1 1 1 1 1 1 1 1 1 1 1 1 1 1 1 1 9 9 9 1 1 1 1 1 1 1 1 1 1 1 1 1 1 1 1 1 1 1 1 1 1 1 1 1 9 0 0 0 192 0 0 0 0 9 9 9 9 9 9 9 9 9 0 0 0 9 1 1 9 0 0 1 0 0 0 0 0 0 0 9 9 9 9 9 9 9 9 1 1 1 0 0 0 0 1 1 1
1 1 1 9 0 0 0 0 0 0 0 0 9 1 1 1 1 1 1 1 1 1 1 1 1 1 1 1 1 1 1 1 1 1 1 1 1 1 1 1 1 1 9 9 9 0 0 0 0 0 9 9 9 1 1 9 0 0 0 0 0 0 0 0 9 9 1 1 1 1 1 1 1 1 1 1 1 1 1 1 1 1 1 1 1 1 1 1 9 9 0 0 0 0 0 0 0 0 0 0 0 0 0 0 0 0 0 0 0 0 0 0 0 0 9 9 1 1 1 1 1 1 1 1 1 1 1 1 1 1 1 1 1 1 1 1 1 9 9 0 0 0 0 0 0 0 0 0 0 0 0 0 0 0 0 0 0 0 0 0 0 0 0 0 0 0 0 0 0 0 0 0 0 0 0 0 0 0 0 0 0 0 0 0 0 0 0 0 0 0 9 9 9 1 1 1 1 1 1 1 1 1 1 1 1 1 1 1 1 1 1 1 1 1 1 1 1 1 1 1 1 1 1 1 1 1 1 1 1 1 1 1 1 1 1 1 1 1 1 1 1 1 1 1 1 1 1 9 9 0 1 1 0 0 0 0 0 0 0 0 0 0 0 0 0 0 0 0 9 1 1 9 0 0 0 0 0 0 0 0 0 0 0 0 0 0 0 0 0 0 1 1 1 0 0 0 0 1 1 1
1 1 1 9 0 0 0 0 0 0 0 0 9 1 1 1 1 1 1 1 1 1 1 1 1 1 1 1 1 1 1 1 1 1 1 1 1 1 1 1 9 9 9 0 0 0 0 0 0 9 9 1 1 1 1 9 0 0 0 0 0 0 0 0 0 9 9 1 1 1 1 1 1 1 1 1 1 1 1 1 1 1 1 1 1 1 1 9 9 0 0 0 0 0 0 0 0 0 0 0 0 0 0 0 0 9 9 9 9 9 9 9 9 9 9 1 1 1 1 1 1 1 1 1 1 1 1 1 1 1 1 1 1 1 1 1 1 1 9 9 9 0 0 0 0 0 0 0 0 192 0 0 0 0 0 0 0 0 0 0 0 0 0 0 0 0 0 0 0 0 0 0 0 0 0 0 0 0 0 0 0 0 0 0 0 0 0 0 9 9 9 1 1 1 1 1 1 1 1 1 1 1 1 1 1 1 1 1 1 1 1 1 1 1 1 1 1 1 1 1 1 1 1 1 1 1 1 1 1 1 1 1 1 1 1 1 1 1 1 1 1 1 1 1 1 1 1 1 9 0 0 0 0 0 0 0 0 0 0 0 0 0 0 0 0 0 0 0 9 1 1 9 9 9 9 9 9 9 9 9 0 0 0 0 0 0 0 0 0 0 1 1 1 0 0 0 0 1 1 1
1 1 1 9 0 0 0 0 0 0 0 0 9 1 1 1 1 1 1 1 1 1 1 1 1 9 9 9 9 9 9 9 9 9 9 9 9 9 9 9 9 0 0 0 0 0 0 0 9 9 1 1 1 1 1 9 0 0 0 0 0 0 0 0 0 0 9 9 9 9 9 9 9 9 9 9 9 9 9 9 9 9 9 9 9 9 9 9 0 0 0 0 0 0 0 0 0 9 9 9 9 9 9 9 9 9 1 1 1 1 1 1 1 1 1 1 1 1 1 1 1 1 1 1 1 1 1 1 1 1 1 1 1 1 1 1 1 1 1 1 9 9 0 0 0 0 0 1 1 1 0 0 0 0 0 0 0 0 0 0 0 0 0 0 0 192 0 0 0 0 0 0 0 0 0 0 0 0 0 0 0 0 0 0 0 0 9 9 9 1 1 1 1 1 1 1 1 1 1 1 1 1 1 1 1 1 1 1 1 1 1 1 1 1 1 1 1 1 1 1 1 1 1 1 1 1 1 1 1 1 1 1 1 1 1 1 1 1 1 1 1 1 1 1 1 1 1 1 9 9 0 0 0 0 0 0 0 0 0 0 0 0 0 0 0 0 0 0 9 1 1 1 1 1 1 1 1 1 1 9 0 0 0 0 0 0 0 0 0 0 1 1 1 0 0 0 0 1 1 1
1 1 1 9 0 0 0 0 0 0 0 0 9 9 9 9 9 9 9 9 9 9 9 9 9 9 0 0 0 0 0 0 0 0 0 0 0 0 0 0 0 0 0 0 0 0 0 9 9 1 1 1 1 1 1 9 0 0 0 0 0 0 0 0 0 0 0 0 0 0 0 0 0 0 0 0 0 0 0 0 0 0 0 0 0 0 0 0 0 0 0 0 0 0 0 0 0 9 1 1 1 1 1 1 1 1 1 1 1 1 1 1 1 1 1 1 1 1 1 1 1 1 1 1 1 1 1 1 1 1 1 1 1 1 1 1 1 1 1 1 1 9 9 9 9 0 0 0 0 1 0 0 0 0 0 0 0 0 0 0 0 0 0 0 0 1 0 0 0 0 0 192 1 0 0 0 0 0 0 0 0 0 0 0 9 9 9 1 1 1 1 1 1 1 1 1 1 1 1 1 1 1 1 1 1 1 1 1 1 1 1 1 1 1 1 1 1 1 1 1 1 1 1 1 1 1 1 1 1 1 1 1 1 1 1 1 1 1 1 1 1 1 1 1 1 1 1 1 1 9 9 0 0 0 0 0 0 0 192 0 0 0 0 0 0 0 0 0 9 1 1 1 1 1 1 1 1 1 1 9 0 0 0 0 0 0 0 0 0 0 1 1 1 0 0 0 0 1 1 1
1 1 1 9 9 0 0 0 0 0 0 0 0 0 0 0 0 0 0 0 0 0 0 0 0 0 0 0 0 0 0 0 0 0 0 0 0 0 0 0 0 0 0 0 0 0 9 9 1 1 1 1 1 1 1 9 9 0 0 0 0 0 0 0 0 0 0 0 0 0 0 0 0 0 0 0 0 0 0 0 0 0 0 0 0 0 0 0 0 0 0 0 0 0 0 9 9 9 1 1 1 1 1 1 1 1 1 1 1 1 1 1 1 1 1 1 1 1 1 1 1 1 1 1 1 1 1 1 1 1 1 1 1 1 1 1 1 1 1 1 1 1 1 1 9 9 9 9 9 0 0 0 0 0 0 0 0 0 0 0 0 0 0 0 0 0 0 0 0 0 0 1 1 0 0 0 0 0 0 0 0 9 9 9 9 1 1 1 1 1 1 1 1 1 1 1 1 1 1 1 1 1 1 1 1 1 1 1 1 1 1 1 1 1 1 1 1 1 1 1 1 1 1 1 1 1 1 1 1 1 1 1 1 1 1 1 1 1 1 1 1 1 1 1 1 1 1 1 1 1 9 9 9 9 0 0 0 1 1 1 1 0 0 0 0 0 0 0 9 1 1 1 1 1 1 1 1 1 1 9 9 9 9 9 9 9 9 9 0 0 1 1 1 0 0 0 0 1 1 1
1 1 1 1 9 1 0 0 192 0 0 0 0 0 0 0 0 0 0 0 0 0 0 0 0 0 0 0 0 0 0 0 0 0 0 0 0 0 0 0 0 0 0 0 0 0 9 1 1 1 1 1 1 1 1 1 9 0 0 1 1 192 0 0 0 0 0 0 0 0 0 0 0 0 0 0 0 0 0 0 0 0 0 0 0 0 0 0 0 0 0 0 0 0 0 9 1 1 1 1 1 1 1 1 1 1 1 1 1 1 1 1 1 1 1 1 1 1 1 1 1 1 1 1 1 1 1 1 1 1 1 1 1 1 1 1 1 1 1 1 1 1 1 1 1 1 1 1 9 9 9 9 0 0 0 0 0 0 0 0 0 0 0 0 0 0 0 0 0 0 0 0 0 0 0 0 0 9 9 9 9 9 1 1 1 1 1 1 1 1 1 1 1 1 1 1 1 1 1 1 1 1 1 1 1 1 1 1 1 1 1 1 1 1 1 1 1 1 1 1 1 1 1 1 1 1 1 1 1 1 1 1 1 1 1 1 1 1 1 1 1 1 1 1 1 1 1 1 1 1 1 1 1 9 9 9 9 9 9 9 9 9 9 9 9 9 9 9 9 1 1 1 1 1 1 1 1 1 1 1 1 1 1 1 1 1 1 1 0 0 1 1 1 0 0 0 0 1 1 1
1 1 1 1 9 9 1 1 1 1 1 1 0 0 0 0 0 0 0 0 0 0 0 0 0 0 0 0 0 0 0 0 0 0 0 0 0 0 0 0 0 0 0 0 0 9 9 1 1 1 1 1 1 1 1 1 9 0 0 0 0 1 0 0 0 0 0 0 0 0 0 0 0 0 0 0 0 0 0 0 0 0 0 0 0 0 0 0 0 0 0 0 0 9 9 9 1 1 1 1 1 1 1 1 1 1 1 1 1 1 1 1 1 1 1 1 1 1 1 1 1 1 1 1 1 1 1 1 1 1 1 1 1 1 1 1 1 1 1 1 1 1 1 1 1 1 1 1 1 1 1 9 9 9 9 9 9 9 0 0 0 0 0 0 0 0 0 0 0 0 0 0 9 9 9 9 9 9 1 1 1 1 1 1 1 1 1 1 1 1 1 1 1 1 1 1 1 1 1 1 1 1 1 1 1 1 1 1 1 1 1 1 1 1 1 1 1 1 1 1 1 1 1 1 1 1 1 1 1 1 1 1 1 1 1 1 1 1 1 1 1 1 1 1 1 1 1 1 1 1 1 1 1 1 1 1 1 1 1 1 1 1 1 1 1 1 1 1 1 1 1 1 1 1 1 1 1 1 1 1 1 1 1 1 1 1 1 1 0 0 1 1 1 0 0 0 0 1 1 1
1 1 1 1 1 9 0 0 0 0 0 0 0 0 0 0 0 0 0 0 0 0 0 0 0 0 0 0 0 0 0 0 0 0 0 0 0 0 0 0 0 0 0 0 9 9 1 1 1 1 1 1 1 1 1 1 9 9 0 0 0 1 0 0 0 0 0 0 0 0 0 0 0 0 0 0 0 0 0 0 0 0 0 0 0 0 0 0 0 0 0 0 0 9 1 1 1 1 1 1 1 1 1 1 1 1 1 1 1 1 1 1 1 1 1 1 1 1 1 1 1 1 1 1 1 1 1 1 1 1 1 1 1 1 1 1 1 1 1 1 1 1 1 1 1 1 1 1 1 1 1 1 1 1 1 1 1 9 9 9 9 9 9 9 0 9 9 9 9 9 9 9 9 1 1 1 1 1 1 1 1 1 1 1 1 1 1 1 1 1 1 1 1 1 1 1 1 1 1 1 1 1 1 1 1 1 1 1 1 1 1 1 1 1 1 1 1 1 1 1 1 1 1 1 1 1 1 1 1 1 1 1 1 1 1 1 1 1 1 1 1 1 1 1 1 1 1 1 1 1 1 1 1 1 1 1 1 1 1 1 1 1 1 1 1 1 1 1 1 1 1 0 0 0 0 0 0 0 0 0 0 0 0 0 0 0 0 0 0 0 1 1 1 0 0 0 0 1 1 1
1 1 1 1 1 9 0 0 0 0 0 0 0 0 0 0 0 0 0 0 0 0 0 0 0 0 0 0 0 0 0 0 0 0 0 0 0 0 0 0 192 0 0 0 9 1 1 1 1 1 1 1 1 1 1 1 1 9 0 0 0 0 0 0 0 0 0 0 0 0 0 0 0 0 0 0 0 0 0 0 0 0 0 0 0 0 0 0 0 0 0 9 9 9 1 1 1 1 1 1 1 1 1 1 1 1 1 1 1 1 1 1 1 1 1 1 1 1 1 1 1 1 1 1 1 1 1 1 1 1 1 1 1 1 1 1 1 1 1 1 1 1 1 1 1 1 1 1 1 1 1 1 1 1 1 1 1 1 1 1 1 1 1 9 9 9 1 1 1 1 1 1 1 1 1 1 1 1 1 1 1 1 1 1 1 1 1 1 1 1 1 1 1 1 1 1 1 1 1 1 1 1 1 1 1 1 1 1 1 1 1 1 1 1 1 1 1 1 1 1 1 1 1 1 1 1 1 1 1 1 1 1 1 1 1 1 1 1 1 1 1 1 1 1 1 1 1 1 1 1 1 1 1 1 1 1 1 1 1 1 1 1 1 1 1 1 1 1 1 1 1 0 0 0 0 0 0 0 0 0 0 0 0 0 0 0 0 0 0 0 1 1 1 0 0 0 0 1 1 1
1 1 1 1 1 9 9 0 0 0 0 0 0 0 0 0 0 0 0 0 0 0 0 0 0 0 0 0 0 0 0 0 0 0 0 0 0 0 1 1 1 1 0 0 9 1 1 1 1 1 1 1 1 1 1 1 1 9 9 0 0 0 0 0 0 0 0 0 0 0 0 0 0 0 0 0 0 0 0 0 0 0 0 0 0 0 0 0 0 0 9 9 1 1 1 1 1 1 1 1 1 1 1 1 1 1 1 1 1 1 1 1 1 1 1 1 1 1 1 1 1 1 1 1 1 1 1 1 1 1 1 1 1 1 1 1 1 1 1 1 1 1 1 1 1 1 1 1 1 1 1 1 1 1 1 1 1 1 1 1 1 1 1 1 1 1 1 1 1 1 1 1 1 1 1 1 1 1 1 1 1 1 1 1 1 1 1 1 1 1 1 1 1 1 1 1 1 1 1 1 1 1 1 1 1 1 1 1 1 1 1 1 1 1 1 1 1 1 1 1 1 1 1 1 1 1 1 1 1 1 1 1 1 1 1 1 1 1 1 1 1 1 1 1 1 1 1 1 1 1 1 1 1 1 1 1 1 1 1 1 1 1 1 1 1 1 1 1 1 1 1 0 0 0 0 0 0 0 0 0 0 0 0 0 0 0 0 0 0 0 1 1 1 0 0 0 0 1 1 1
1 1 1 1 1 1 9 9 0 0 0 0 0 0 0 0 0 0 0 0 0 0 0 192 192 0 0 0 0 0 0 0 0 0 0 0 0 0 0 0 0 0 9 9 9 1 1 1 1 1 1 1 1 1 1 1 1 1 9 9 0 0 0 0 0 0 0 0 0 0 0 0 0 0 0 0 0 192 1 1 0 0 0 0 0 0 0 0 9 9 9 1 1 1 1 1 1 1 1 1 1 1 1 1 1 1 1 1 1 1 1 1 1 1 1 1 1 1 1 1 1 1 1 1 1 1 1 1 1 1 1 1 1 1 1 1 1 1 1 1 1 1 1 1 1 1 1 1 1 1 1 1 1 1 1 1 1 1 1 1 1 1 1 1 1 1 1 1 1 1 1 1 1 1 1 1 1 1 1 1 1 1 1 1 1 1 1 1 1 1 1 1 1 1 1 1 1 1 1 1 1 1 1 1 1 1 1 1 1 1 1 1 1 1 1 1 1 1 1 1 1 1 1 1 1 1 1 1 1 1 1 1 1 1 1 1 1 1 1 1 1 1 1 1 1 1 1 1 1 1 1 1 1 1 1 1 1 1 1 1 1 1 1 1 1 1 1 1 1 1 1 0 0 0 0 1 1 1 1 1 1 1 1 1 1 1 1 1 1 1 1 1 1 0 0 0 0 1 1 1
1 1 1 1 1 1 1 9 9 9 0 0 0 0 0 0 0 0 0 0 0 0 0 1 1 0 0 0 0 0 0 0 0 0 0 0 0 0 0 9 9 9 9 1 1 1 1 1 1 1 1 1 1 1 1 1 1 1 1 9 0 0 0 0 0 0 0 0 0 0 0 0 0 0 0 1 1 1 1 0 0 0 0 0 0 0 0 0 9 1 1 1 1 1 1 1 1 1 1 1 1 1 1 1 1 1 1 1 1 1 1 1 1 1 1 1 1 1 1 1 1 1 1 1 1 1 1 1 1 1 1 1 1 1 1 1 1 1 1 1 1 1 1 1 1 1 1 1 1 1 1 1 1 1 1 1 1 1 1 1 1 1 1 1 1 1 1 1 1 1 1 1 1 1 1 1 1 1 1 1 1 1 1 1 1 1 1 1 1 1 1 1 1 1 1 1 1 1 1 1 1 1 1 1 1 1 1 1 1 1 1 1 1 1 1 1 1 1 1 1 1 1 1 1 1 1 1 1 1 1 1 1 1 1 1 1 1 1 1 1 1 1 1 1 1 1 1 1 1 1 1 1 1 1 1 1 1 1 1 1 1 1 1 1 1 1 1 1 1 1 1 0 0 0 0 1 1 1 1 1 1 1 1 1 1 1 1 1 1 1 1 1 1 0 0 0 0 1 1 1
1 1 1 1 1 1 1 1 1 9 9 0 0 0 0 0 0 0 0 0 0 0 0 1 0 0 0 0 0 0 0 0 0 0 0 9 9 9 9 9 1 1 1 1 1 1 1 1 1 1 1 1 1 1 1 1 1 1 1 9 9 9 0 0 0 0 0 0 0 0 0 0 0 0 0 0 0 0 0 0 0 0 0 0 9 9 9 9 9 1 1 1 1 1 1 1 1 1 1 1 1 1 1 1 1 1 1 1 1 1 1 1 1 1 1 1 1 1 1 1 1 1 1 1 1 1 1 1 1 1 1 1 1 1 1 1 1 1 1 1 1 1 1 1 1 1 1 1 1 1 1 1 1 1 1 1 1 1 1 1 1 1 1 1 1 1 1 1 1 1 1 1 1 1 1 1 1 1 1 1 1 1 1 1 1 1 1 1 1 1 1 1 1 1 1 1 1 1 1 1 1 1 1 1 1 1 1 1 1 1 1 1 1 1 1 1 1 1 1 1 1 1 1 1 1 1 1 1 1 1 1 1 1 1 1 1 1 1 1 1 1 1 1 1 1 1 1 1 1 1 1 1 1 1 1 1 1 1 1 1 1 1 1 1 1 1 1 1 1 1 1 0 0 0 0 0 34 34 0 0 0 0 0 0 0 0 0 0 0 0 0 0 0 0 0 0 0 1 1 1
1 1 1 1 1 1 1 1 1 1 9 9 9 0 0 0 0 0 0 0 0 0 0 0 0 0 9 9 9 9 9 9 9 9 9 9 1 1 1 1 1 1 1 1 1 1 1 1 1 1 1 1 1 1 1 1 1 1 1 1 1 9 9 0 0 0 0 0 0 0 0 0 0 0 0 0 0 0 0 0 9 9 9 9 9 1 1 1 1 1 1 1 1 1 1 1 1 1 1 1 1 1 1 1 1 1 1 1 1 1 1 1 1 1 1 1 1 1 1 1 1 1 1 1 1 1 1 1 1 1 1 1 1 1 1 1 1 1 1 1 1 1 1 1 1 1 1 1 1 1 1 1 1 1 1 1 1 1 1 1 1 1 1 1 1 1 1 1 1 1 1 1 1 1 1 1 1 1 1 1 1 1 1 1 1 1 1 1 1 1 1 1 1 1 1 1 1 1 1 1 1 1 1 1 1 1 1 1 1 1 1 1 1 1 1 1 1 1 1 1 1 1 1 1 1 1 1 1 1 1 1 1 1 1 1 1 1 1 1 1 1 1 1 1 1 1 1 1 1 1 1 1 1 1 1 1 1 1 1 1 1 1 1 1 1 1 1 1 1 1 1 0 0 0 0 0 34 34 0 0 0 0 0 0 0 0 0 0 0 0 0 0 0 0 0 0 0 1 1 1
1 1 1 1 1 1 1 1 1 1 1 1 9 9 9 9 9 9 9 9 9 9 9 9 9 9 9 1 1 1 1 1 1 1 1 1 1 1 1 1 1 1 1 1 1 1 1 1 1 1 1 1 1 1 1 1 1 1 1 1 1 1 9 9 9 9 9 9 9 9 9 9 9 9 9 9 9 9 9 9 9 1 1 1 1 1 1 1 1 1 1 1 1 1 1 1 1 1 1 1 1 1 1 1 1 1 1 1 1 1 1 1 1 1 1 1 1 1 1 1 1 1 1 1 1 1 1 1 1 1 1 1 1 1 1 1 1 1 1 1 1 1 1 1 1 1 1 1 1 1 1 1 1 1 1 1 1 1 1 1 1 1 1 1 1 1 1 1 1 1 1 1 1 1 1 1 1 1 1 1 1 1 1 1 1 1 1 1 1 1 1 1 1 1 1 1 1 1 1 1 1 1 1 1 1 1 1 1 1 1 1 1 1 1 1 1 1 1 1 1 1 1 1 1 1 1 1 1 1 1 1 1 1 1 1 1 1 1 1 1 1 1 1 1 1 1 1 1 1 1 1 1 1 1 1 1 1 1 1 1 1 1 1 1 1 1 1 1 1 1 1 0 0 0 0 0 34 34 0 0 0 0 0 0 1 1 0 0 199 0 0 200 0 0 202 0 0 1 1 1
1 1 1 1 1 1 1 1 1 1 1 1 1 1 1 1 1 1 1 1 1 1 9 9 1 1 1 1 1 1 1 1 1 1 1 1 1 1 1 1 1 1 1 1 1 1 1 1 1 1 1 1 1 1 1 1 1 1 1 1 1 1 1 1 1 1 1 1 1 1 1 1 1 1 1 1 1 1 1 1 1 1 1 1 1 1 1 1 1 1 1 1 1 1 1 1 1 1 1 1 1 1 1 1 1 1 1 1 1 1 1 1 1 1 1 1 1 1 1 1 1 1 1 1 1 1 1 1 1 1 1 1 1 1 1 1 1 1 1 1 1 1 1 1 1 1 1 1 1 1 1 1 1 1 1 1 1 1 1 1 1 1 1 1 1 1 1 1 1 1 1 1 1 1 1 1 1 1 1 1 1 1 1 1 1 1 1 1 1 1 1 1 1 1 1 1 1 1 1 1 1 1 1 1 1 1 1 1 1 1 1 1 1 1 1 1 1 1 1 1 1 1 1 1 1 1 1 1 1 1 1 1 1 1 1 1 1 1 1 1 1 1 1 1 1 1 1 1 1 1 1 1 1 1 1 1 1 1 1 1 1 1 1 1 1 1 1 1 1 1 1 0 0 0 0 0 34 34 0 0 0 0 0 0 1 1 0 0 0 0 0 0 0 0 0 0 0 1 1 1
1 1 1 1 1 1 1 1 1 1 1 1 1 1 1 1 1 1 1 1 1 1 1 1 1 1 1 1 1 1 1 1 1 1 1 1 1 1 1 1 1 1 1 1 1 1 1 1 1 1 1 1 1 1 1 1 1 1 1 1 1 1 1 1 1 1 1 1 1 1 1 1 1 1 1 1 1 1 1 1 1 1 1 1 1 1 1 1 1 1 1 1 1 1 1 1 1 1 1 1 1 1 1 1 1 1 1 1 1 1 1 1 1 1 1 1 1 1 1 1 1 1 1 1 1 1 1 1 1 1 1 1 1 1 1 1 1 1 1 1 1 1 1 1 1 1 1 1 1 1 1 1 1 1 1 1 1 1 1 1 1 1 1 1 1 1 1 1 1 1 1 1 1 1 1 1 1 1 1 1 1 1 1 1 1 1 1 1 1 1 1 1 1 1 1 1 1 1 1 1 1 1 1 1 1 1 1 1 1 1 1 1 1 1 1 1 1 1 1 1 1 1 1 1 1 1 1 1 1 1 1 1 1 1 1 1 1 1 1 1 1 1 1 1 1 1 1 1 1 1 1 1 1 1 1 1 1 1 1 1 1 1 1 1 1 1 1 1 1 1 1 1 1 1 1 1 1 1 1 1 1 1 1 1 1 1 1 1 1 1 1 1 1 1 1 1 1 1 1 1
1 1 1 1 1 1 1 1 1 1 1 1 1 1 1 1 1 1 1 1 1 1 1 1 1 1 1 1 1 1 1 1 1 1 1 1 1 1 1 1 1 1 1 1 1 1 1 1 1 1 1 1 1 1 1 1 1 1 1 1 1 1 1 1 1 1 1 1 1 1 1 1 1 1 1 1 1 1 1 1 1 1 1 1 1 1 1 1 1 1 1 1 1 1 1 1 1 1 1 1 1 1 1 1 1 1 1 1 1 1 1 1 1 1 1 1 1 1 1 1 1 1 1 1 1 1 1 1 1 1 1 1 1 1 1 1 1 1 1 1 1 1 1 1 1 1 1 1 1 1 1 1 1 1 1 1 1 1 1 1 1 1 1 1 1 1 1 1 1 1 1 1 1 1 1 1 1 1 1 1 1 1 1 1 1 1 1 1 1 1 1 1 1 1 1 1 1 1 1 1 1 1 1 1 1 1 1 1 1 1 1 1 1 1 1 1 1 1 1 1 1 1 1 1 1 1 1 1 1 1 1 1 1 1 1 1 1 1 1 1 1 1 1 1 1 1 1 1 1 1 1 1 1 1 1 1 1 1 1 1 1 1 1 1 1 1 1 1 1 1 1 1 1 1 1 1 1 1 1 1 1 1 1 1 1 1 1 1 1 1 1 1 1 1 1 1 1 1 1 1
1 1 1 1 1 1 1 1 1 1 1 1 1 1 1 1 1 1 1 1 1 1 1 1 1 1 1 1 1 1 1 1 1 1 1 1 1 1 1 1 1 1 1 1 1 1 1 1 1 1 1 1 1 1 1 1 1 1 1 1 1 1 1 1 1 1 1 1 1 1 1 1 1 1 1 1 1 1 1 1 1 1 1 1 1 1 1 1 1 1 1 1 1 1 1 1 1 1 1 1 1 1 1 1 1 1 1 1 1 1 1 1 1 1 1 1 1 1 1 1 1 1 1 1 1 1 1 1 1 1 1 1 1 1 1 1 1 1 1 1 1 1 1 1 1 1 1 1 1 1 1 1 1 1 1 1 1 1 1 1 1 1 1 1 1 1 1 1 1 1 1 1 1 1 1 1 1 1 1 1 1 1 1 1 1 1 1 1 1 1 1 1 1 1 1 1 1 1 1 1 1 1 1 1 1 1 1 1 1 1 1 1 1 1 1 1 1 1 1 1 1 1 1 1 1 1 1 1 1 1 1 1 1 1 1 1 1 1 1 1 1 1 1 1 1 1 1 1 1 1 1 1 1 1 1 1 1 1 1 1 1 1 1 1 1 1 1 1 1 1 1 1 1 1 1 1 1 1 1 1 1 1 1 1 1 1 1 1 1 1 1 1 1 1 1 1 1 1 1 1
