300 150
1 1 1 1 1 1 1 1 1 1 1 1 1 1 1 1 1 1 1 1 1 1 1 1 1 1 1 1 1 1 1 1 1 1 1 1 1 1 1 1 1 1 1 1 1 1 1 1 1 1 1 1 1 1 1 1 1 1 1 1 1 1 1 1 1 1 1 1 1 1 1 1 1 1 1 1 1 1 1 1 1 1 1 1 1 1 1 1 1 1 1 1 1 1 1 1 1 1 1 1 1 1 1 1 1 1 1 1 1 1 1 1 1 1 1 1 1 1 1 1 1 1 1 1 1 1 1 1 1 1 1 1 1 1 1 1 1 1 1 1 1 1 1 1 1 1 1 1 1 1 1 1 1 1 1 1 1 1 1 1 1 1 1 1 1 1 1 1 1 1 1 1 1 1 1 1 1 1 1 1 1 1 1 1 1 1 1 1 1 1 1 1 1 1 1 1 1 1 1 1 1 1 1 1 1 1 1 1 1 1 1 1 1 1 1 1 1 1 1 1 1 1 1 1 1 1 1 1 1 1 1 1 1 1 1 1 1 1 1 1 1 1 1 1 1 1 1 1 1 1 1 1 1 1 1 1 1 1 1 1 1 1 1 1 1 1 1 1 1 1 1 1 1 1 1 1 1 1 1 1 1 1 1 1 1 1 1 1 1 1 1 1 1 1 1 1 1 1 1 1
1 1 1 1 1 1 1 1 1 1 1 1 1 1 1 1 1 1 1 1 1 1 1 1 1 1 1 1 1 1 1 1 1 1 1 1 1 1 1 1 1 1 1 1 1 1 1 1 1 1 1 1 1 1 1 1 1 1 1 1 1 1 1 1 1 1 1 1 1 1 1 1 1 1 1 1 1 1 1 1 1 1 1 1 1 1 1 1 1 1 1 1 1 1 1 1 1 1 1 1 1 1 1 1 1 1 1 1 1 1 1 1 1 1 1 1 1 1 1 1 1 1 1 1 1 1 1 1 1 1 1 1 1 1 1 1 1 1 1 1 1 1 1 1 1 1 1 1 1 1 1 1 1 1 1 1 1 1 1 1 1 1 1 1 1 1 1 1 1 1 1 1 1 1 1 1 1 1 1 1 1 1 1 1 1 1 1 1 1 1 1 1 1 1 1 1 1 1 1 1 1 1 1 1 1 1 1 1 1 1 1 1 1 1 1 1 1 1 1 1 1 1 1 1 1 1 1 1 1 1 1 1 1 1 1 1 1 1 1 1 1 1 1 1 1 1 1 1 1 1 1 1 1 1 1 1 1 1 1 1 1 1 1 1 1 1 1 1 1 1 1 1 1 1 1 1 1 1 1 1 1 1 1 1 1 1 1 1 1 1 1 1 1 1 1 1 1 1 1 1
1 1 0 0 0 0 0 0 0 0 0 0 0 0 0 0 0 0 0 0 0 0 0 0 0 0 0 0 1 1 1 1 1 1 1 1 1 1 1 1 1 1 1 1 1 1 1 1 1 1 1 1 1 1 1 1 1 1 1 1 1 1 1 1 1 1 1 1 1 1 1 1 1 1 1 1 1 1 1 1 1 1 1 1 1 1 1 1 1 1 1 1 1 1 1 1 1 1 1 1 1 1 1 1 1 1 1 1 1 1 1 1 1 1 1 1 1 1 1 1 1 1 1 1 1 1 1 1 1 1 1 1 1 1 1 1 1 1 1 1 1 1 1 1 1 1 1 1 1 1 1 1 1 1 1 1 1 1 1 1 1 1 1 1 1 1 1 1 1 1 1 1 1 1 1 1 1 1 1 1 1 1 1 1 1 1 1 1 1 1 1 1 1 1 1 1 1 1 1 1 1 1 1 1 1 1 1 1 1 1 1 1 1 1 1 1 1 1 1 1 1 1 1 1 1 1 1 1 1 1 1 1 1 1 1 1 1 1 1 1 1 1 1 1 1 1 1 1 1 1 1 1 1 1 1 1 1 1 1 1 1 1 1 1 1 1 1 1 1 1 1 1 1 1 1 1 1 1 1 1 1 1 1 1 1 1 1 1 1 1 1 1 1 1 1 1 1 1 1 1
1 1 0 0 0 0 0 0 0 0 0 0 0 0 0 0 0 0 0 0 0 0 0 0 0 0 0 0 1 1 1 1 1 1 1 1 1 1 1 1 1 1 1 1 1 1 1 1 1 1 1 1 1 1 1 1 1 1 1 1 1 1 1 1 1 1 1 1 1 1 1 1 1 1 1 1 1 1 1 1 1 1 1 1 1 1 1 1 1 1 1 1 1 1 1 1 1 1 1 1 1 1 1 1 1 1 1 1 1 1 1 1 1 1 1 1 1 1 1 1 1 1 1 1 1 1 1 1 1 1 1 1 1 1 1 1 1 1 1 1 1 1 1 1 1 1 1 1 1 1 1 1 1 1 1 1 1 1 1 1 1 1 1 1 1 1 1 1 1 1 1 1 1 1 1 1 1 1 1 1 1 1 1 1 1 1 1 1 1 1 1 1 1 1 1 1 1 1 1 1 1 1 1 1 1 1 1 1 1 1 1 1 1 1 1 1 1 1 1 1 1 1 1 1 1 1 1 1 1 1 1 1 1 1 1 1 1 1 1 1 1 1 1 1 1 1 1 1 1 1 1 1 1 1 1 1 1 1 1 1 1 1 1 1 1 1 1 1 1 1 1 1 1 1 1 1 1 1 1 1 1 1 9 9 9 9 9 9 9 9 9 9 9 9 1 1 1 1 1 1
1 1 0 0 0 0 0 0 0 0 0 0 0 0 0 0 0 0 0 0 0 0 0 0 0 0 0 0 1 1 1 1 1 1 1 1 1 1 1 1 1 1 1 1 1 1 1 1 1 1 1 1 1 1 1 1 1 1 1 1 1 1 1 1 1 1 1 1 1 1 1 1 1 1 1 1 1 1 1 1 1 1 1 1 1 1 1 1 1 1 1 1 1 1 1 1 1 1 1 1 1 1 1 1 1 1 9 9 9 9 9 9 9 9 1 1 1 1 1 1 1 1 1 1 1 1 1 1 1 1 1 1 1 1 1 1 1 1 1 1 1 1 1 1 1 1 1 1 1 1 1 1 1 1 1 1 1 1 1 1 1 1 1 1 1 1 1 1 1 1 1 1 1 1 1 1 1 1 1 1 1 1 1 1 1 1 1 1 1 1 1 1 1 1 1 1 1 1 1 1 1 1 1 1 1 1 1 1 1 1 1 1 1 1 1 1 1 1 1 1 1 1 1 1 1 1 1 1 1 1 1 1 1 1 1 1 1 1 1 1 1 1 1 1 1 1 1 1 1 1 1 1 1 1 1 1 1 1 1 1 1 1 1 1 1 1 1 1 1 1 1 1 1 1 1 1 1 1 1 9 9 9 9 0 0 0 0 0 0 0 0 0 0 9 1 1 1 1 1 1
1 1 0 0 0 0 0 0 0 0 0 0 0 0 0 0 0 0 0 0 0 0 0 0 0 0 0 0 0 33 9 9 9 9 9 9 9 9 9 9 9 9 9 9 9 9 9 9 9 9 9 9 1 1 1 1 1 1 1 1 1 1 1 1 1 1 1 1 1 1 1 1 1 1 1 1 1 1 1 1 1 1 1 1 1 1 1 9 9 9 9 9 9 9 9 9 9 9 9 9 9 9 9 9 9 9 9 0 35 0 0 0 0 9 9 9 9 9 9 9 9 9 9 1 1 1 1 1 1 1 9 9 9 1 1 1 1 1 1 1 1 1 1 1 1 1 1 1 1 1 1 1 1 1 1 1 1 1 1 1 1 1 1 1 9 9 9 9 9 9 9 1 1 1 1 1 1 1 1 1 1 1 1 1 1 1 1 1 9 9 9 9 9 9 9 9 9 9 9 1 1 9 9 9 9 9 9 9 9 9 9 9 9 9 9 9 1 1 1 1 1 1 1 1 1 1 1 1 1 1 1 1 1 1 1 1 1 1 1 1 1 1 1 1 1 1 1 1 1 1 1 1 1 1 1 1 1 1 1 1 1 1 1 1 1 1 1 1 1 1 1 1 1 1 1 1 1 9 9 9 0 0 0 0 0 0 0 0 0 0 0 0 0 9 9 9 1 1 1 1
1 1 0 0 192 0 0 0 192 0 0 0 0 0 0 0 192 0 0 0 0 0 0 0 0 0 0 0 0 33 0 0 0 0 0 0 0 0 0 0 0 0 0 0 0 0 0 0 0 0 0 9 9 9 9 1 1 1 1 1 1 1 1 1 1 1 1 1 1 1 1 1 1 1 1 1 1 1 1 1 1 1 1 1 1 9 9 9 0 0 0 0 0 0 0 0 0 0 0 0 0 0 0 0 0 0 0 0 35 0 0 0 0 0 0 0 0 0 0 0 0 0 9 9 9 9 9 9 9 9 9 0 9 9 9 9 9 9 1 1 1 1 1 1 1 1 1 1 1 1 1 1 1 1 1 1 1 1 1 1 9 9 9 9 9 0 0 0 0 0 9 1 1 1 1 1 1 1 1 1 1 1 1 1 1 1 1 9 9 0 0 0 0 0 0 0 0 0 9 9 9 9 0 0 0 0 0 0 0 0 0 0 0 0 0 9 9 1 1 1 1 1 1 1 1 1 1 1 1 1 1 1 1 1 1 1 1 1 1 1 1 1 1 1 1 1 1 1 1 1 1 1 1 1 1 1 1 1 1 1 1 1 1 1 1 1 1 1 1 1 1 1 1 1 1 1 9 9 0 0 0 0 0 0 0 0 0 0 0 0 0 0 0 0 0 9 9 1 1 1
1 1 0 0 0 0 0 0 0 0 0 0 0 0 0 0 0 0 0 0 0 0 0 0 0 0 0 0 0 33 0 0 0 0 0 0 0 0 0 0 0 0 0 0 0 0 0 0 0 0 0 0 0 0 9 9 9 9 1 1 1 1 1 1 1 1 1 1 1 1 1 1 1 1 1 1 1 1 1 1 1 1 1 1 9 9 0 0 0 0 0 0 0 0 0 0 0 0 0 0 0 0 0 0 0 0 0 0 35 0 0 0 0 0 0 0 0 0 0 0 0 0 0 0 0 0 0 0 0 0 0 0 0 0 0 0 0 9 9 9 9 9 9 1 1 1 1 1 1 1 1 1 1 1 1 1 1 9 9 9 9 0 0 0 0 0 0 0 0 0 9 1 1 1 1 1 1 1 1 1 1 1 1 1 1 1 1 9 0 0 0 0 0 0 0 0 0 0 0 0 0 0 0 0 0 0 0 0 0 0 0 0 0 0 0 0 9 9 1 1 1 1 1 1 1 1 1 1 1 1 1 1 1 1 1 1 1 1 1 1 1 1 1 1 1 1 1 1 1 1 1 1 1 1 1 1 1 1 1 1 1 1 1 1 1 1 1 1 1 1 1 1 1 1 1 9 9 0 0 0 0 0 0 0 0 0 0 0 0 0 0 0 0 0 0 0 9 1 1 1
1 1 0 0 0 0 0 0 0 0 0 0 0 0 0 0 0 0 0 0 0 0 0 0 0 0 0 0 0 33 0 0 0 0 0 0 0 0 0 0 0 0 0 0 0 0 0 0 0 0 0 0 0 0 0 0 0 9 9 9 9 9 9 9 9 9 9 1 1 1 1 1 1 1 1 1 1 1 1 1 1 1 1 1 9 0 0 0 0 0 0 0 0 0 0 0 0 0 0 0 0 0 0 0 0 0 0 0 35 0 0 0 0 0 0 0 0 0 0 0 0 0 0 0 0 0 0 0 0 0 0 0 0 0 0 0 0 0 0 0 0 0 9 9 9 9 9 9 9 9 9 9 9 9 9 9 9 9 0 0 0 0 0 0 0 0 0 0 0 0 9 9 1 1 1 1 1 1 1 1 1 1 1 1 1 1 9 9 0 0 0 0 0 0 0 0 0 0 0 0 0 0 0 0 0 0 0 0 0 0 0 0 0 0 0 0 0 9 9 9 9 1 1 1 1 1 1 1 1 1 1 1 1 1 1 1 1 1 1 1 1 1 1 1 1 1 1 1 1 1 1 1 1 1 1 1 1 1 1 1 1 1 1 1 1 1 1 1 1 1 1 1 1 1 1 9 0 0 0 0 0 0 0 0 0 0 0 0 0 0 0 0 0 0 0 0 9 1 1 1
1 1 0 0 0 0 0 0 0 0 0 0 0 0 0 0 0 0 0 0 0 0 0 0 0 0 0 0 0 33 0 0 0 0 0 0 0 0 0 0 0 0 0 0 0 0 0 0 0 0 0 0 0 0 0 0 0 0 0 0 0 0 0 0 0 0 9 9 9 9 1 1 1 1 1 1 1 1 1 1 1 1 1 9 9 0 0 0 0 0 0 0 0 0 0 0 0 0 0 0 0 0 0 0 0 0 0 0 35 0 0 0 0 0 0 0 0 0 0 0 0 0 0 0 0 0 0 0 0 0 0 0 0 0 0 0 0 0 0 0 0 0 0 0 0 0 0 0 0 0 0 0 0 0 0 0 0 0 0 0 0 0 0 0 0 0 0 0 0 0 0 9 1 1 1 1 1 1 1 1 1 1 1 1 1 9 9 0 0 0 0 0 0 0 0 0 0 0 0 0 0 0 0 0 0 0 0 0 0 0 0 0 0 0 0 0 0 0 0 0 9 9 9 9 1 1 1 1 1 1 1 1 1 1 1 1 1 1 1 1 1 1 1 1 9 9 9 9 9 9 9 9 9 9 9 9 9 9 9 9 9 9 1 1 1 1 1 1 1 1 1 1 1 1 9 9 0 0 0 0 0 0 0 0 0 9 9 9 9 9 9 0 0 0 0 0 9 1 1 1
1 1 0 0 0 0 0 0 0 0 0 0 0 0 0 0 0 0 0 0 0 0 0 0 0 0 0 0 0 33 0 0 0 0 0 0 0 0 0 0 0 0 0 0 0 0 0 0 0 0 0 0 0 0 0 0 0 0 0 0 0 0 0 0 0 0 0 0 0 9 1 1 1 1 1 1 1 1 1 1 1 1 1 9 0 0 0 0 0 0 0 0 0 0 0 0 0 0 0 0 0 0 0 0 0 0 0 0 35 0 0 0 0 0 192 0 0 0 0 0 0 0 0 0 0 0 0 0 0 0 0 0 0 0 0 0 0 0 0 0 0 0 0 0 0 0 0 0 0 0 0 0 0 0 0 0 0 0 0 0 0 0 0 0 0 0 0 0 0 0 0 9 1 1 1 1 1 1 1 1 1 1 1 1 1 9 0 0 0 0 0 0 0 0 0 0 0 0 0 0 0 0 0 0 0 0 0 0 0 0 0 0 0 0 0 0 0 0 0 0 0 0 0 9 9 9 9 9 9 9 9 9 9 9 9 9 9 9 9 9 9 9 9 9 9 0 0 0 0 0 0 0 0 0 0 0 0 0 0 0 0 9 9 1 1 1 1 1 1 1 1 1 1 1 9 0 0 0 0 0 0 0 0 0 0 9 1 1 1 1 9 0 0 0 0 0 9 1 1 1
1 1 0 0 0 0 0 0 0 0 0 0 0 0 0 0 0 0 0 0 0 0 0 0 0 0 0 0 0 33 0 0 0 0 0 0 0 0 0 0 0 0 0 0 0 0 0 0 0 0 0 0 0 0 0 0 0 0 0 0 0 0 0 0 0 0 0 0 0 9 9 1 1 1 1 1 1 1 1 1 1 1 1 9 0 0 0 0 0 0 0 0 0 0 0 0 0 0 0 0 0 0 0 0 0 0 0 0 35 0 0 0 0 1 1 1 0 0 0 0 0 0 0 0 0 0 0 0 0 0 0 0 0 0 0 0 0 0 0 0 0 0 0 0 0 0 0 0 0 0 0 0 0 0 0 0 0 0 0 0 0 0 0 0 0 0 0 0 0 0 0 9 1 1 1 1 1 1 1 1 1 1 1 9 9 9 0 0 0 0 0 0 0 0 0 0 0 0 0 0 0 0 0 0 0 0 0 0 0 0 0 0 0 0 0 0 0 0 0 0 0 0 0 0 0 0 0 0 0 0 0 0 0 0 0 37 37 0 0 0 0 0 0 0 0 0 0 0 0 0 0 0 0 0 0 0 0 0 0 0 0 0 9 9 1 1 1 1 1 1 1 1 1 1 9 0 0 0 0 0 0 0 0 9 9 9 1 1 1 1 9 0 0 0 0 0 9 1 1 1
1 1 1 1 1 1 1 1 1 1 1 1 1 1 1 1 1 1 1 1 0 0 0 0 0 0 0 0 0 33 0 0 0 0 0 0 0 0 0 0 0 0 0 0 0 0 0 0 0 0 0 0 0 0 0 0 0 0 0 0 0 0 0 0 0 0 0 0 0 0 9 9 1 1 1 1 1 1 1 1 1 1 9 9 0 0 0 0 0 0 0 0 0 0 0 0 9 9 9 9 9 9 9 9 9 9 9 9 9 9 9 9 9 0 0 1 0 192 0 0 0 0 0 0 0 0 0 0 0 0 0 0 0 0 0 0 0 0 0 0 0 0 0 0 0 0 0 0 0 0 0 0 0 0 0 0 0 0 0 0 0 0 0 0 0 0 0 0 0 0 0 9 1 1 1 1 1 1 1 1 1 1 9 9 0 0 0 0 0 0 0 0 0 0 0 0 0 0 0 0 0 0 0 0 0 0 0 0 0 0 0 0 0 0 0 0 0 0 0 0 0 0 0 0 0 0 0 0 0 0 0 0 0 0 0 37 0 0 0 0 0 0 0 0 0 0 0 0 0 0 0 0 0 0 0 0 0 0 0 0 0 0 0 9 1 1 1 1 1 1 1 1 1 1 9 0 0 0 0 0 0 0 9 9 1 1 1 1 1 1 9 0 0 0 0 0 9 1 1 1
1 1 1 1 1 1 1 1 1 1 1 1 1 1 1 1 1 1 1 1 0 0 0 0 0 0 0 0 0 33 0 0 0 0 0 0 0 0 0 0 0 0 0 0 0 0 0 0 0 0 0 0 0 0 0 0 0 0 0 0 0 0 0 0 0 0 0 0 0 0 0 9 9 1 1 1 1 1 1 1 1 9 9 0 0 0 0 0 0 0 0 0 0 0 0 0 9 1 1 1 1 1 1 1 1 1 1 1 1 1 1 1 9 0 0 1 1 1 0 0 0 0 0 0 0 0 0 0 0 0 0 0 0 0 0 0 0 0 0 0 0 0 0 0 0 0 0 0 0 0 0 0 0 0 0 0 0 0 0 0 0 0 0 0 0 0 0 0 0 0 0 9 9 9 9 1 1 1 1 1 1 9 9 0 0 0 0 0 0 0 0 0 0 0 0 0 0 0 0 0 0 0 0 0 0 0 0 0 0 0 0 0 0 0 0 0 0 0 0 0 0 0 0 0 0 0 0 0 0 0 0 0 0 0 0 37 0 0 0 0 0 0 0 0 0 0 0 0 0 0 0 0 0 0 0 0 0 0 0 0 0 0 0 9 1 1 1 1 1 1 1 1 9 9 9 0 0 0 0 0 0 0 9 1 1 1 1 1 1 1 9 0 0 0 0 0 9 1 1 1
1 1 1 1 1 1 1 1 1 1 1 1 1 1 1 1 1 1 1 1 0 0 0 0 0 0 0 0 0 33 0 0 0 0 0 0 0 0 0 0 0 0 0 0 0 0 0 192 0 0 0 0 0 0 0 0 0 0 0 0 0 0 0 0 0 0 0 0 0 0 0 0 9 9 9 9 9 9 9 9 9 9 0 0 0 0 0 0 0 0 0 0 0 0 0 0 9 1 1 1 1 1 1 1 1 1 1 1 1 1 1 1 9 9 0 0 0 0 0 0 0 0 0 0 0 0 0 0 0 0 0 0 0 0 0 0 0 0 0 0 0 0 0 0 0 0 0 0 0 0 0 0 0 0 0 0 0 0 0 0 0 0 0 0 0 0 0 0 0 0 0 0 0 0 9 1 1 1 1 9 9 9 0 0 0 0 0 0 0 0 0 0 0 0 0 0 0 0 0 0 0 0 0 0 0 0 0 0 0 0 0 0 0 0 0 0 0 0 0 0 0 0 0 0 0 0 0 0 0 0 0 0 0 0 0 37 0 0 0 0 0 0 0 0 0 0 0 0 0 0 0 0 0 0 0 0 0 0 0 1 0 0 0 9 1 1 1 1 1 1 1 1 9 0 0 0 0 0 0 0 0 9 9 1 1 1 1 1 1 1 9 0 0 0 0 0 9 1 1 1
1 1 1 1 1 1 1 1 1 1 1 1 1 1 1 1 1 1 1 1 0 0 0 0 0 0 0 0 0 33 9 9 9 9 9 9 9 9 9 9 9 9 0 0 0 1 1 1 1 1 0 0 0 0 0 0 0 0 0 0 0 0 0 0 0 0 0 0 0 0 0 0 0 0 0 0 0 0 0 0 0 0 0 0 0 0 0 0 0 0 0 0 0 0 0 0 9 1 1 9 9 9 9 9 9 9 9 9 9 9 1 1 1 9 9 0 0 0 0 0 0 0 0 0 0 0 0 0 0 0 0 0 0 0 0 0 0 0 0 0 0 0 0 0 0 192 0 0 0 0 0 0 0 0 0 0 0 0 0 0 0 0 0 0 0 0 0 0 0 0 0 0 0 0 9 9 9 9 9 9 36 0 0 0 0 0 0 0 0 0 0 0 0 0 0 0 0 0 0 0 0 0 0 0 0 0 0 0 0 0 0 0 0 0 0 0 0 0 0 0 0 0 0 0 0 0 0 0 0 0 0 0 0 0 0 37 0 0 0 0 0 0 0 0 0 0 0 0 0 0 0 0 0 0 0 0 0 0 0 1 192 0 0 9 1 1 1 1 1 1 1 1 9 0 0 0 0 0 0 0 0 9 1 1 1 1 1 1 1 1 9 0 0 0 0 0 9 1 1 1
1 1 0 0 0 0 0 0 0 0 0 0 0 0 0 0 0 0 0 0 0 0 0 0 0 0 0 0 1 1 1 1 1 1 1 1 1 1 1 1 1 9 0 0 0 9 9 9 9 9 0 0 0 0 0 0 9 9 9 9 9 9 9 9 0 0 0 0 0 0 0 0 0 0 0 0 0 0 0 0 0 0 0 0 0 0 0 0 0 0 0 192 0 0 0 0 9 1 1 9 0 0 1 192 0 0 0 0 0 9 1 1 1 1 9 9 9 9 9 0 0 0 0 0 0 0 0 0 0 0 0 0 0 0 0 0 0 0 0 0 0 0 0 1 1 1 1 1 0 0 0 0 0 0 0 0 0 0 0 0 0 0 0 0 0 0 0 0 0 0 0 0 0 0 0 0 0 0 0 36 36 0 0 0 0 0 0 0 0 0 0 0 0 0 0 0 0 0 0 0 0 0 0 0 0 0 0 0 0 0 0 0 0 0 0 0 0 0 0 0 0 0 0 0 0 0 0 0 0 0 0 0 0 0 0 37 0 0 0 0 0 0 0 0 0 0 0 0 0 0 0 0 0 0 0 0 0 0 0 1 1 0 0 9 9 1 1 1 1 1 1 1 9 0 0 0 0 0 0 0 0 9 1 1 1 1 1 1 1 1 9 0 0 0 0 0 9 1 1 1
1 1 0 0 0 0 0 0 0 0 0 0 0 0 0 0 0 0 0 0 0 0 0 0 0 0 0 0 1 1 1 1 1 1 1 1 1 1 1 1 1 9 0 0 0 0 0 0 0 0 0 0 0 0 0 9 9 1 1 1 1 1 1 9 9 0 0 0 0 0 0 0 0 0 0 0 0 0 0 0 0 0 0 0 0 0 0 0 0 0 1 1 1 0 0 0 9 1 1 9 0 0 1 1 1 0 0 0 0 9 9 1 1 1 1 1 1 1 9 9 9 9 9 0 0 0 0 0 0 0 0 0 0 0 0 0 0 0 0 0 0 0 0 0 0 0 0 0 0 0 0 0 0 0 0 0 0 0 0 0 0 0 0 0 0 0 0 0 0 0 0 0 0 0 0 0 0 0 0 36 0 0 0 0 0 0 0 0 0 0 0 0 0 0 0 0 0 0 0 0 0 0 0 0 0 0 0 0 0 0 0 0 0 0 0 0 0 0 0 0 0 0 0 0 0 0 0 0 0 0 0 192 0 0 0 37 0 0 0 0 0 0 0 0 0 0 0 0 0 0 0 0 0 0 0 0 0 0 0 0 0 0 0 0 9 1 1 1 1 1 1 1 9 0 0 0 0 0 0 0 0 9 1 1 1 1 1 1 1 1 9 0 0 0 0 0 9 1 1 1
1 1 0 0 192 0 0 0 192 0 0 0 0 0 0 0 192 0 0 0 0 0 0 0 0 0 0 0 1 1 1 1 1 1 1 1 1 1 1 1 1 9 0 0 0 0 0 0 0 0 0 9 9 9 9 9 1 1 1 1 1 1 1 1 9 9 0 0 0 0 0 0 0 0 0 0 0 0 0 0 0 0 0 0 0 0 0 0 0 0 9 9 9 0 0 9 9 1 1 9 0 0 0 0 0 0 0 0 0 0 9 9 1 1 1 1 1 1 1 1 1 1 9 9 9 9 9 9 9 9 0 0 0 0 0 0 0 0 0 0 0 0 0 0 0 0 0 0 0 0 0 0 0 0 0 0 0 0 0 0 0 0 0 0 0 0 0 0 0 0 0 0 0 0 0 0 0 0 0 36 0 0 0 0 0 0 0 0 192 0 1 0 0 0 0 0 0 0 0 0 0 0 0 0 0 0 0 0 0 0 192 0 0 0 0 0 0 0 0 0 0 0 0 0 0 0 0 0 0 0 1 1 1 0 0 37 0 0 0 0 0 0 0 0 0 0 0 0 0 0 0 0 0 0 0 0 0 0 0 0 0 0 0 0 9 9 1 1 1 1 1 1 9 0 0 0 0 0 0 0 0 9 1 1 1 1 1 1 1 1 9 0 0 0 0 0 9 1 1 1
1 1 0 0 0 0 0 0 0 0 0 0 0 0 0 0 0 0 0 0 0 0 0 0 0 0 0 0 1 1 1 1 1 1 1 1 1 1 1 1 1 9 0 0 0 0 0 0 0 0 0 9 1 1 1 1 1 1 1 9 9 1 1 1 1 9 0 0 0 1 1 0 0 0 0 0 0 0 0 0 0 0 0 0 0 0 0 0 0 0 0 0 0 0 0 9 1 1 1 9 0 0 0 0 0 0 0 0 0 0 0 9 9 9 9 9 1 1 1 1 1 1 1 1 1 1 1 1 1 9 9 9 9 9 9 9 9 9 9 9 9 9 9 9 9 0 0 0 0 0 0 0 0 0 0 0 0 0 0 0 0 0 0 0 0 0 0 0 0 0 0 0 0 0 0 0 0 0 0 36 0 0 0 0 0 0 1 1 1 1 1 0 0 0 0 0 0 0 0 0 0 0 0 0 0 0 0 0 0 1 1 1 0 0 0 0 0 0 0 0 0 0 9 9 9 9 0 0 0 0 0 0 0 0 0 37 0 0 0 0 0 0 0 0 9 9 9 9 9 9 9 9 9 9 0 0 0 0 0 0 0 0 0 0 0 9 9 9 9 9 9 9 9 0 0 0 0 0 0 0 0 9 1 1 1 1 1 1 1 1 9 0 0 0 0 0 9 1 1 1
1 1 0 0 0 0 0 0 0 0 0 0 0 0 0 0 0 0 0 0 0 0 0 0 0 0 0 0 1 1 1 1 1 1 1 1 1 1 1 1 1 9 9 9 9 9 9 9 9 9 9 9 1 1 1 1 1 1 9 9 9 9 1 1 1 9 9 0 0 0 1 1 1 0 0 0 0 0 0 0 0 0 0 0 0 0 0 0 0 0 0 0 0 9 9 9 1 1 1 9 0 0 0 0 0 0 0 0 0 0 0 0 0 0 0 9 9 9 9 9 1 1 1 1 1 1 1 1 1 1 1 1 1 1 1 1 1 1 1 1 1 1 1 1 9 9 9 0 0 0 0 0 0 0 0 0 0 0 0 0 0 0 0 0 0 0 0 0 0 0 0 0 0 0 0 0 0 0 0 36 0 0 0 0 0 0 0 0 0 0 0 0 0 9 9 9 9 0 0 0 0 0 0 0 0 0 0 0 0 0 0 0 0 0 0 0 0 0 0 9 9 9 9 1 1 9 9 9 9 9 9 9 9 9 9 9 9 9 9 9 9 9 9 9 9 1 1 1 1 1 1 1 1 9 0 0 0 0 0 0 0 0 0 0 0 0 0 0 0 38 0 0 0 0 0 0 0 0 0 0 0 9 1 1 1 1 1 1 1 1 9 0 0 0 0 0 9 1 1 1
1 1 0 0 0 0 0 0 0 0 0 0 0 0 0 0 0 0 0 0 0 0 0 0 0 0 0 0 1 1 1 1 1 1 1 1 1 1 1 1 1 1 1 1 1 1 1 1 1 1 1 1 1 1 9 9 9 9 9 0 0 9 9 1 1 1 9 9 0 0 0 0 0 0 0 0 0 0 0 0 0 0 0 9 9 9 9 0 0 9 9 9 9 9 1 1 1 1 9 9 0 0 0 0 0 0 0 0 0 0 0 0 0 0 0 0 0 0 0 9 9 9 9 9 9 9 9 1 1 1 1 1 1 1 1 1 1 1 1 1 1 1 1 1 1 1 9 9 9 9 9 0 0 0 0 0 0 0 0 0 0 0 0 0 0 0 0 0 0 0 0 0 0 0 0 0 0 0 0 36 0 0 0 0 0 0 0 0 0 0 0 9 9 9 1 1 9 9 0 0 0 0 0 0 0 0 0 0 0 0 0 0 0 0 0 0 0 0 0 9 1 1 1 1 1 1 1 1 1 1 1 1 1 1 1 1 1 1 1 1 1 1 1 1 1 1 1 1 1 1 1 1 1 9 0 0 0 0 0 0 0 0 0 0 0 0 0 0 0 38 0 0 0 0 0 0 0 0 0 0 0 9 1 1 1 1 1 1 1 1 9 0 0 0 0 0 9 1 1 1
1 1 0 0 0 0 0 0 0 0 0 0 0 0 0 0 0 0 0 0 0 0 0 0 0 0 0 0 1 1 1 1 1 1 1 1 1 1 1 1 1 1 1 1 1 1 1 1 1 1 1 1 1 1 9 0 0 41 0 0 0 0 9 1 1 1 1 9 9 9 9 9 9 9 9 9 9 9 9 9 9 9 9 9 1 1 9 9 9 9 1 1 1 1 1 1 1 1 9 0 0 0 0 0 0 0 0 0 0 0 0 0 0 0 0 0 0 0 0 0 0 0 0 0 0 0 9 9 9 9 9 9 9 9 9 1 1 1 1 1 1 1 1 1 1 1 1 1 1 1 9 9 9 9 9 9 0 0 0 0 0 0 0 0 0 0 1 0 0 0 0 0 0 0 0 0 0 0 0 36 0 0 0 0 0 0 0 0 0 0 9 9 1 1 1 1 1 9 9 9 9 9 0 0 0 0 0 0 0 0 0 0 0 0 0 0 0 0 9 9 1 1 1 1 1 1 1 1 1 1 1 1 1 1 1 1 1 1 1 1 1 1 1 1 1 1 1 9 9 9 9 1 1 9 0 0 0 0 0 0 0 0 0 0 0 0 0 0 0 38 0 0 0 0 0 0 0 0 0 0 0 9 1 1 1 1 1 1 1 1 9 0 0 0 0 0 9 1 1 1
1 1 0 0 0 0 0 0 0 0 0 0 0 0 0 0 0 0 0 0 0 0 0 0 0 0 0 0 1 1 1 1 1 1 1 1 1 1 1 1 1 9 9 9 9 9 9 9 9 9 9 9 9 9 9 0 0 41 0 0 0 0 9 9 1 1 1 1 1 1 1 1 1 1 1 1 1 1 1 1 1 1 1 1 1 1 1 1 1 1 1 1 1 1 1 1 9 9 9 0 0 0 0 0 9 9 9 9 9 9 9 0 0 0 0 0 0 0 0 0 0 0 0 0 0 0 0 0 0 0 0 0 0 0 9 1 1 1 1 1 1 1 1 1 1 1 1 1 1 1 1 1 1 1 1 9 9 0 0 0 0 0 0 0 0 0 1 0 0 0 0 0 0 0 0 0 0 0 0 36 0 0 0 0 0 0 0 0 0 9 9 1 1 1 1 1 1 1 1 1 1 9 9 0 0 0 0 0 0 0 0 0 0 0 0 0 0 9 9 1 1 1 9 9 9 1 1 1 1 1 1 1 1 1 1 1 1 1 1 1 1 1 1 1 1 1 1 9 0 0 9 1 1 9 9 0 0 0 0 0 0 0 0 0 0 0 0 0 0 38 0 0 0 0 0 0 0 0 0 0 0 9 1 1 1 1 1 1 1 1 9 0 0 0 0 0 9 1 1 1
1 1 0 0 0 0 0 0 0 0 0 0 0 0 0 0 0 0 0 0 0 0 0 0 0 0 0 0 1 1 1 1 1 1 1 1 1 1 1 1 1 9 0 0 0 0 0 0 0 0 0 0 0 0 0 0 0 41 0 0 0 0 0 9 9 1 1 1 1 1 1 1 1 1 1 1 1 1 1 1 1 1 1 1 1 1 1 1 1 1 1 1 9 9 9 9 9 0 0 0 0 0 0 0 9 1 1 1 1 1 9 9 9 9 9 0 0 0 0 0 0 0 0 0 0 0 0 0 0 0 0 0 0 0 9 1 1 1 1 1 1 1 1 1 1 1 1 1 1 1 1 1 1 1 1 1 9 9 9 9 0 0 0 0 0 0 1 0 0 192 0 0 0 0 0 0 0 0 0 36 0 0 0 0 0 0 0 0 0 9 1 1 1 1 9 1 1 1 1 1 1 1 9 0 0 0 0 0 0 0 0 0 0 0 0 0 9 9 1 1 1 1 9 0 9 9 9 1 1 1 1 1 1 1 1 1 1 1 1 1 1 1 1 1 9 9 9 9 0 0 9 1 1 1 9 9 0 0 0 0 0 0 0 0 0 0 0 0 0 38 0 0 0 0 0 0 0 0 0 0 0 9 1 1 1 1 1 1 1 1 9 0 0 0 0 0 9 1 1 1
1 1 0 0 0 0 0 0 0 0 0 0 0 0 0 0 0 0 0 0 0 0 0 0 0 0 0 0 1 1 1 1 1 1 1 1 1 1 1 1 1 9 0 1 0 0 0 0 0 0 0 0 0 0 0 0 0 41 0 0 0 0 0 0 9 9 9 9 9 9 9 9 9 9 9 9 9 9 9 9 9 9 9 9 9 9 9 9 9 9 9 9 9 0 0 0 0 0 0 0 0 0 0 0 9 1 1 1 1 1 1 1 1 1 9 9 9 0 0 0 0 192 0 0 0 0 0 0 0 0 0 0 0 0 9 9 9 9 1 1 1 1 1 1 1 1 1 1 1 1 1 1 1 1 1 1 1 1 1 9 9 0 0 0 0 0 1 1 1 1 1 0 0 0 0 0 0 0 0 36 0 0 0 0 0 0 0 0 0 9 1 1 1 9 9 9 9 9 9 1 1 1 9 9 9 9 9 9 9 0 0 0 0 0 0 0 9 1 1 1 1 9 9 0 0 0 9 9 9 1 1 1 1 1 1 1 1 1 1 1 1 1 1 9 9 0 0 0 0 0 9 1 1 1 1 9 0 0 0 0 0 0 0 0 0 0 0 0 0 38 0 0 0 0 0 0 0 0 0 0 0 9 1 1 1 1 1 1 1 1 9 0 0 0 0 0 9 1 1 1
1 1 1 1 1 1 1 1 1 1 1 1 1 1 1 1 1 1 1 1 1 1 1 1 1 1 1 1 1 1 1 1 1 1 1 1 1 1 1 1 1 9 0 1 192 0 0 0 0 0 0 0 0 0 0 0 0 41 0 0 0 0 0 0 0 0 0 0 0 0 0 0 0 0 0 0 0 0 0 0 0 0 0 0 0 0 0 0 0 0 0 0 0 0 0 0 0 0 0 0 0 0 0 0 9 1 1 1 1 1 1 1 1 1 1 1 9 9 9 0 1 1 1 0 0 0 0 0 0 0 0 0 0 0 0 0 0 9 1 1 1 1 1 1 1 1 1 1 1 1 1 1 1 1 1 1 1 1 1 1 9 9 9 0 0 0 0 0 0 0 0 0 0 0 0 0 0 0 0 36 0 0 0 0 0 0 0 0 0 9 1 1 9 9 0 0 0 0 9 9 1 1 1 1 9 9 1 1 9 9 9 0 0 0 9 9 9 1 1 1 9 9 0 0 0 0 0 0 9 9 1 1 1 1 1 1 1 1 1 1 9 9 9 9 0 0 0 0 0 0 9 9 1 1 1 9 9 9 0 0 0 0 0 0 0 0 0 0 0 38 0 0 0 0 0 0 0 1 0 0 0 9 1 1 1 1 1 1 1 1 9 0 0 0 0 0 9 1 1 1
1 1 1 1 1 1 1 1 1 1 1 1 1 1 1 1 1 1 1 1 1 1 1 1 1 1 1 1 1 1 1 1 1 1 1 1 1 1 1 1 1 9 0 1 1 1 0 0 0 0 9 9 9 9 9 9 0 41 0 0 0 0 0 0 0 0 0 0 0 0 0 0 0 0 0 0 0 0 0 0 0 0 0 0 0 0 0 0 0 0 0 0 0 0 0 0 0 0 0 0 0 0 0 0 9 1 1 9 9 9 9 9 1 1 1 1 1 1 9 9 9 9 9 0 0 0 0 0 0 0 0 0 0 0 0 0 0 9 1 1 1 1 1 1 1 1 1 1 1 1 1 1 1 1 1 1 9 1 1 1 1 1 9 9 0 0 0 0 0 0 0 0 0 0 0 0 0 0 0 36 0 0 192 0 0 0 0 0 9 9 1 1 9 0 0 0 0 0 0 9 1 1 1 1 1 1 1 1 1 1 9 9 9 9 9 1 1 1 1 9 9 0 0 0 0 0 0 0 0 9 9 9 9 1 1 1 1 1 9 9 9 0 0 0 0 0 0 0 0 0 0 9 9 1 1 1 1 9 0 0 0 0 0 0 0 0 0 0 0 38 0 0 0 0 192 0 1 0 0 0 9 9 1 1 1 1 9 9 9 9 9 0 0 0 0 0 9 1 1 1
1 1 1 1 1 1 1 1 1 1 1 1 1 9 9 9 9 9 9 9 9 1 1 1 1 1 1 1 1 1 1 1 1 1 1 1 1 1 1 1 1 9 0 0 0 0 0 0 0 0 9 1 1 1 1 9 0 41 0 0 0 0 0 0 0 0 0 0 0 0 0 0 0 0 0 0 0 0 0 0 0 0 0 0 0 0 0 0 0 0 0 0 0 0 0 0 0 0 0 0 0 0 0 0 9 1 1 9 0 0 0 9 9 9 1 1 1 1 1 1 1 1 9 9 9 9 9 0 0 0 0 0 0 0 0 0 0 9 9 9 1 1 1 1 1 1 1 1 1 1 1 1 1 1 9 9 9 9 1 1 1 1 1 9 9 0 0 0 0 0 0 0 0 0 0 0 0 0 0 36 0 0 1 1 0 0 0 0 9 1 1 1 9 0 0 0 0 0 0 9 9 9 1 1 1 1 1 1 1 1 1 9 9 1 1 1 1 1 1 9 0 0 0 0 0 0 0 0 0 0 0 0 9 9 9 9 9 9 9 0 0 0 0 0 0 0 0 0 0 0 0 0 9 1 1 1 1 9 0 0 0 0 0 0 0 0 0 0 0 38 0 0 0 0 1 1 0 0 0 9 9 1 1 1 1 9 9 0 0 0 0 0 0 0 0 9 9 1 1 1
1 1 1 1 1 1 1 1 1 1 1 1 1 9 0 0 0 0 0 0 9 9 1 1 1 1 1 1 1 1 1 1 1 1 1 1 1 1 1 1 1 9 0 0 0 0 0 0 0 0 9 1 1 1 1 9 9 41 0 0 0 0 0 0 0 0 0 0 0 0 0 0 0 0 0 0 0 0 0 0 0 0 0 0 0 0 0 0 0 0 0 0 0 0 0 0 0 0 0 0 0 0 0 0 9 1 1 9 0 0 0 0 0 9 9 9 1 1 1 1 1 1 1 1 1 1 9 9 0 0 0 0 0 0 0 0 0 0 0 9 1 1 1 1 1 1 1 1 1 1 1 1 1 9 9 0 0 9 9 9 1 1 1 1 9 9 9 0 0 0 0 0 0 0 0 0 0 0 0 36 0 0 9 9 0 0 0 0 9 1 1 1 9 0 0 0 0 0 0 0 0 9 9 9 9 9 9 9 1 1 1 1 1 1 1 1 1 9 9 9 0 0 0 0 0 0 0 0 0 0 0 0 0 0 0 0 0 0 0 0 0 0 0 0 0 0 0 0 0 0 0 0 9 9 9 1 1 9 9 0 0 0 0 0 0 0 0 0 0 38 0 0 1 1 0 0 0 0 9 9 1 1 1 1 1 9 0 0 0 0 0 0 0 0 0 9 1 1 1 1
1 1 1 1 1 1 1 1 1 1 1 1 9 9 0 0 0 192 0 0 0 9 9 9 9 9 9 9 9 9 9 9 9 9 9 9 9 9 9 9 9 9 0 0 0 0 0 0 0 0 9 1 1 1 1 1 9 9 9 9 9 9 9 9 0 0 0 0 0 0 0 0 0 0 0 0 0 0 0 0 0 0 0 0 0 0 0 0 0 0 0 0 0 0 0 0 1 0 0 0 0 0 0 0 9 1 1 9 0 0 0 0 0 0 0 9 9 9 9 9 1 1 1 1 1 1 1 9 0 0 0 0 0 0 0 0 0 0 0 9 1 1 1 1 1 1 1 1 1 1 1 9 9 9 0 0 0 0 0 9 9 1 1 1 1 1 9 9 9 0 0 0 0 0 0 0 0 0 0 36 0 0 0 0 0 0 0 0 9 1 1 9 9 0 0 0 0 0 0 0 0 0 0 0 0 0 0 9 9 1 1 1 1 1 1 9 9 9 0 0 0 0 0 0 0 0 0 0 0 0 0 0 0 0 0 0 0 0 0 0 0 0 0 0 0 0 0 0 0 0 0 0 0 0 9 1 1 1 9 9 0 0 0 0 0 0 0 0 0 38 0 0 0 0 0 0 0 9 9 1 1 1 1 1 1 9 0 0 0 0 0 0 0 0 0 9 1 1 1 1
1 1 1 1 1 1 1 1 1 1 1 9 9 0 0 0 1 1 0 0 0 0 0 0 0 0 0 0 0 0 0 0 0 0 0 0 0 0 0 0 0 0 0 0 0 0 0 0 0 0 9 1 1 1 1 1 1 1 1 1 1 1 1 9 9 9 0 0 0 0 0 0 0 0 0 0 0 0 0 0 0 0 0 192 0 0 0 0 0 0 0 0 0 0 0 0 1 0 0 0 0 0 0 9 9 1 1 9 0 0 0 0 0 0 0 0 0 42 0 9 9 9 9 9 1 1 1 9 0 0 0 0 0 0 0 0 0 0 1 9 1 1 1 1 1 1 1 1 1 9 9 9 0 0 0 0 0 0 0 0 9 9 1 1 1 1 1 1 9 9 9 0 0 0 0 0 0 0 0 36 0 0 0 0 0 0 0 0 9 1 1 9 0 0 0 0 0 0 0 0 0 0 0 0 0 0 0 0 9 9 9 9 9 9 9 9 0 0 0 0 0 0 0 0 0 0 0 0 0 0 0 0 0 0 0 0 0 0 0 0 0 0 0 0 0 0 0 0 0 0 0 0 0 0 9 1 1 1 1 9 0 0 0 0 0 0 0 0 0 38 0 0 0 0 0 0 9 9 1 1 1 1 1 1 1 9 0 0 0 0 0 0 0 0 0 9 1 1 1 1
1 1 1 1 1 1 1 1 1 1 9 9 0 0 0 0 0 0 0 0 0 0 0 0 0 0 0 0 0 0 0 0 0 0 0 0 0 0 0 0 0 0 0 0 0 0 0 0 0 0 9 1 1 9 1 1 1 1 1 1 1 1 1 1 1 9 9 9 0 0 0 0 0 0 0 0 0 0 0 0 0 0 0 1 0 0 0 0 0 0 0 0 0 0 0 0 1 0 0 192 0 0 0 9 1 1 1 9 0 0 0 0 0 0 0 0 0 42 0 0 0 0 0 9 9 1 1 9 9 0 0 0 0 0 0 0 0 192 1 9 9 1 1 1 1 1 1 1 9 9 0 0 0 0 0 0 0 0 0 0 0 9 9 9 1 1 1 1 1 1 9 9 9 9 9 9 9 0 0 36 0 0 0 0 0 0 0 0 9 1 1 9 0 0 0 0 0 0 0 0 0 0 0 0 0 0 0 0 0 0 0 0 0 0 0 0 0 0 0 0 0 0 0 0 0 0 0 0 0 0 0 0 0 0 0 0 0 0 0 0 0 0 0 0 0 0 0 0 0 0 0 0 0 0 9 9 1 1 1 9 9 9 9 9 9 9 9 9 9 9 9 9 9 9 9 9 9 1 1 1 1 1 1 1 9 9 0 0 0 0 192 0 0 0 9 9 1 1 1 1
1 1 1 1 1 1 1 1 9 9 9 0 0 0 0 0 0 0 0 0 0 0 0 0 0 0 0 0 0 0 0 0 0 0 0 0 0 0 0 0 0 0 0 0 0 0 0 0 0 9 9 1 1 9 9 9 9 9 9 9 9 1 1 1 1 1 1 9 9 0 0 0 0 0 0 0 0 0 0 0 0 0 0 1 0 0 0 0 0 0 0 0 0 0 0 0 1 1 1 1 1 1 0 9 1 1 1 9 0 0 0 0 0 0 0 0 0 42 0 0 0 0 0 0 9 1 1 1 9 0 0 0 0 0 0 0 1 1 1 0 9 1 1 1 1 1 1 9 9 0 0 0 0 0 0 0 0 0 0 0 0 0 0 9 9 9 1 1 1 1 1 1 1 1 1 1 9 9 9 9 9 9 9 9 9 9 9 9 9 1 1 9 0 0 0 0 0 0 0 0 0 0 0 0 0 0 0 0 0 0 0 0 0 0 0 0 0 0 0 0 0 0 0 0 0 0 0 0 0 0 0 0 0 0 0 0 0 0 0 0 0 0 0 0 0 0 0 0 0 0 0 0 0 0 0 9 9 1 1 1 1 1 1 1 1 1 1 1 1 1 1 1 1 1 1 1 1 1 1 1 1 1 1 1 9 0 0 0 0 1 1 1 1 0 9 1 1 1 1 1
1 1 1 1 1 1 1 9 9 0 0 0 0 0 0 0 0 0 0 0 0 0 0 0 0 0 0 0 0 0 0 0 0 0 0 0 0 0 0 0 0 0 0 0 0 0 192 0 0 9 1 1 1 9 0 0 0 0 0 0 9 9 9 1 1 1 1 1 9 9 0 0 0 0 0 0 0 0 0 0 0 0 0 1 0 0 0 0 0 0 0 0 0 0 0 0 0 0 0 0 0 1 0 9 1 1 9 9 0 0 0 0 0 0 0 0 0 42 0 0 0 0 0 0 9 1 1 1 9 0 0 0 0 0 0 0 1 0 0 9 9 1 1 1 1 1 9 9 0 0 0 0 0 0 0 0 0 0 0 0 0 0 0 0 0 9 9 9 1 1 1 1 1 1 1 1 1 1 1 1 1 1 1 1 1 1 1 1 1 1 1 9 0 0 0 0 0 0 0 0 0 0 0 0 0 0 0 0 0 0 0 0 0 0 0 0 0 0 0 0 0 0 0 0 0 0 0 0 0 0 0 0 0 0 0 0 0 0 0 0 0 0 0 0 0 0 0 0 0 0 0 0 0 0 0 0 9 1 1 1 1 1 1 1 1 1 1 1 1 1 1 1 1 1 1 1 1 1 1 1 1 1 1 9 9 0 0 0 0 1 0 0 0 9 9 1 1 1 1 1
1 1 1 1 1 9 9 9 0 0 0 0 0 0 0 0 0 0 0 0 0 0 0 0 0 0 0 0 0 0 0 0 0 0 0 0 0 0 0 0 0 192 0 0 0 0 1 1 0 9 1 1 1 9 0 0 0 0 0 0 0 0 9 9 9 1 1 1 1 9 9 9 9 9 0 0 0 0 0 0 0 0 0 1 0 0 0 0 0 0 0 0 0 0 0 0 0 0 0 0 0 1 0 9 1 1 9 0 0 0 0 0 192 0 0 0 0 42 0 0 0 0 0 0 9 9 1 1 9 0 0 0 0 0 0 0 0 0 9 9 1 1 1 1 1 9 9 0 0 0 0 0 0 0 0 0 0 0 0 0 0 0 0 0 0 0 0 9 9 9 9 9 9 9 1 1 1 1 1 1 1 1 1 1 1 1 1 1 1 1 1 9 0 0 0 0 0 0 0 0 0 0 0 0 0 0 0 0 0 0 0 0 0 0 0 0 0 0 0 0 0 0 0 0 0 0 0 0 0 0 0 0 0 0 0 0 0 0 0 0 0 0 0 0 0 0 0 0 0 0 0 0 0 0 0 0 9 9 9 9 9 9 9 9 9 9 1 1 1 1 1 1 1 1 1 1 1 1 1 1 1 1 1 9 0 0 0 0 0 1 0 0 9 9 1 1 1 1 1 1
1 1 1 9 9 9 0 0 0 0 0 0 0 0 0 0 0 0 0 0 0 0 0 0 0 0 0 0 0 0 0 0 0 0 0 0 0 0 0 0 0 1 1 0 0 0 1 0 0 9 1 1 9 9 0 0 0 0 0 0 0 0 0 0 9 9 1 1 1 1 1 1 1 9 9 9 9 9 9 9 9 0 0 0 0 0 0 0 0 0 0 0 0 0 0 0 0 0 0 0 0 0 0 9 1 1 9 0 0 0 0 0 1 1 0 0 0 42 0 0 0 0 0 0 0 9 1 1 9 0 0 0 0 0 0 0 0 0 9 1 1 1 1 1 1 9 0 0 0 0 0 0 0 0 0 0 0 0 0 0 0 0 0 0 0 0 0 0 0 0 0 0 0 9 9 9 9 9 9 9 9 9 9 9 9 9 9 9 9 9 9 9 0 0 0 0 0 0 0 0 0 0 0 0 0 0 0 0 0 0 0 0 0 0 0 0 0 0 0 0 0 0 0 0 0 0 0 0 0 0 0 9 9 9 9 9 9 9 9 9 9 0 0 0 0 0 0 0 0 0 0 0 192 0 0 0 0 0 0 0 0 0 0 0 0 9 9 9 9 1 1 1 1 1 1 1 1 1 1 1 1 1 9 9 0 0 0 0 0 0 0 0 9 1 1 1 1 1 1 1
1 1 1 9 0 0 0 0 0 0 0 0 0 0 9 9 9 9 9 9 9 9 9 9 9 9 9 9 9 9 9 9 9 9 9 0 0 0 0 0 0 0 0 0 0 0 0 0 0 9 1 1 9 0 0 0 0 0 0 0 0 0 0 0 0 9 9 1 1 1 1 1 1 1 1 1 1 1 1 1 9 9 0 0 0 0 0 0 0 0 0 0 0 0 0 0 0 0 0 0 0 0 0 9 1 1 9 0 0 0 0 0 0 0 0 0 0 42 0 0 0 0 0 0 0 9 1 1 9 0 0 0 0 0 0 0 0 0 9 1 1 1 1 1 9 9 0 0 0 0 0 0 0 0 0 0 0 0 0 0 0 0 0 0 0 0 0 0 0 0 0 0 0 0 0 0 0 0 0 0 0 0 0 0 0 0 0 0 0 0 40 0 0 0 0 0 0 0 0 0 0 0 0 0 0 0 0 0 0 0 0 0 0 0 0 0 0 0 0 0 0 0 0 0 0 0 0 0 0 9 9 9 1 1 1 1 1 1 1 1 9 9 0 0 0 0 0 0 0 0 0 1 1 1 0 0 0 0 0 0 0 0 0 0 0 0 0 39 9 9 1 1 1 1 1 1 1 1 1 1 1 9 9 0 0 0 0 0 0 0 0 0 9 1 1 1 1 1 1 1
1 1 1 9 0 0 0 0 0 0 0 0 9 9 9 1 1 1 1 1 1 1 1 1 1 1 1 1 1 1 1 1 1 1 9 9 9 9 9 9 9 9 9 9 9 9 9 9 9 9 1 1 9 0 0 0 0 0 0 0 0 0 0 1 0 0 9 9 9 9 9 1 1 1 1 1 1 1 1 1 1 9 9 9 9 0 0 0 0 0 0 0 0 0 0 0 0 0 0 0 0 0 9 9 1 1 9 0 0 0 0 0 0 0 0 9 9 9 9 0 0 0 0 0 0 9 1 1 9 9 0 0 0 0 0 0 0 0 9 1 1 1 1 9 9 0 0 0 0 0 0 0 0 0 0 0 0 0 0 0 0 0 0 0 0 0 0 0 0 0 0 0 0 0 0 0 0 0 0 0 0 0 0 0 0 0 0 0 0 0 40 0 0 0 0 0 0 0 0 0 0 0 0 0 0 0 0 0 0 0 0 0 0 0 0 0 0 0 0 0 0 0 0 0 0 0 0 0 9 9 1 1 1 1 1 1 1 1 1 1 1 9 0 0 0 0 0 0 0 0 0 0 0 0 0 0 0 0 0 0 0 0 0 0 0 0 0 39 0 9 9 9 1 1 1 1 1 1 1 1 1 9 0 0 0 0 0 0 0 0 0 0 9 9 9 1 1 1 1 1
1 1 1 9 0 0 0 0 0 0 0 0 9 1 1 1 1 1 1 1 1 1 1 1 1 1 1 1 1 1 1 1 1 1 1 1 1 1 1 1 1 1 1 1 1 1 1 1 1 1 1 1 9 0 0 0 0 0 0 0 0 192 1 0 0 0 0 0 0 0 9 9 9 9 1 1 1 1 1 1 1 1 1 1 9 9 9 9 0 0 0 0 0 0 0 0 0 0 0 0 9 9 9 1 1 1 9 0 0 0 0 0 0 0 9 9 1 1 9 9 0 0 0 0 0 9 1 1 1 9 0 0 0 0 0 0 0 0 9 9 9 9 9 9 0 0 0 0 0 0 0 0 0 0 0 0 0 0 0 0 0 0 0 0 0 0 0 0 0 0 0 0 0 0 0 0 0 0 0 0 0 0 0 0 0 0 0 0 0 0 40 0 0 0 0 0 0 0 9 9 9 9 9 0 0 0 0 0 0 0 0 0 0 0 0 0 0 0 0 0 0 0 0 0 0 0 0 9 9 1 1 1 1 1 9 9 9 9 1 1 1 9 9 0 0 0 0 0 0 0 0 0 9 9 9 9 9 0 0 0 0 0 0 0 0 0 0 39 0 0 0 9 9 9 9 9 1 1 1 9 9 9 0 0 0 0 0 0 0 0 0 0 0 0 9 1 1 1 1 1
1 1 1 9 0 0 0 0 0 0 0 9 9 1 1 1 1 1 1 1 1 1 1 1 1 1 1 1 1 1 1 1 1 1 1 1 1 1 1 1 1 1 1 1 1 1 1 1 1 1 1 1 9 0 0 0 0 0 0 1 1 1 0 0 0 0 0 0 0 0 0 0 0 9 9 1 1 1 1 1 1 1 1 1 1 1 1 9 9 9 9 9 9 9 9 9 9 9 9 9 9 1 1 1 1 1 9 0 0 0 0 0 0 0 9 1 1 1 1 9 0 0 0 0 0 9 1 1 1 9 0 0 0 0 0 0 0 0 0 0 0 0 0 0 0 0 0 0 0 0 0 9 9 9 9 9 9 9 0 0 0 0 0 0 0 0 0 0 0 0 0 0 0 0 0 0 0 0 0 0 0 0 0 0 0 0 0 0 0 0 40 0 0 0 0 0 0 9 9 1 1 1 9 9 0 0 0 0 0 0 0 0 0 0 0 0 0 192 0 0 0 0 0 0 0 0 0 9 1 1 1 1 9 9 9 0 0 9 9 1 1 1 9 0 0 0 0 0 0 0 9 9 9 1 1 1 9 9 9 0 0 0 0 0 0 0 0 39 0 0 0 0 0 0 0 9 9 9 9 9 0 0 0 0 0 0 0 0 192 0 0 0 0 9 9 1 1 1 1 1
1 1 1 9 0 0 0 0 0 0 0 9 1 1 1 1 1 1 1 1 1 1 1 1 1 1 1 1 1 1 1 1 1 1 9 9 9 1 1 9 9 1 1 1 1 1 1 1 1 9 9 9 9 0 0 0 0 0 0 0 0 0 0 0 0 0 0 0 0 0 0 0 0 0 9 9 9 9 1 1 1 1 1 1 1 1 1 1 1 1 1 1 1 1 1 1 1 1 1 1 1 1 1 1 1 9 9 0 0 0 0 0 0 0 9 1 1 1 1 9 0 0 0 0 0 9 9 1 1 9 9 0 0 0 0 0 0 0 0 0 0 0 0 0 0 0 0 0 0 1 0 9 1 1 1 1 1 9 9 9 9 0 0 0 0 0 0 0 0 0 0 0 0 0 0 0 0 0 0 0 0 0 0 0 0 0 0 0 0 0 40 0 0 0 0 0 0 9 1 1 1 1 1 9 9 0 0 0 0 0 0 0 0 0 0 1 1 1 1 1 1 0 0 0 0 0 9 9 1 1 1 9 9 0 0 0 1 0 9 1 1 1 9 9 9 9 0 0 9 9 9 1 1 1 1 1 1 1 9 9 1 0 0 0 0 0 0 39 0 0 0 0 0 0 0 0 0 0 0 0 0 0 0 0 0 0 0 1 1 1 0 9 9 9 1 1 1 1 1 1
1 1 1 9 0 0 0 0 0 0 0 9 1 1 1 1 1 1 1 1 1 1 1 1 1 1 1 1 1 1 1 1 1 1 9 0 9 9 9 9 9 9 9 9 9 9 9 9 9 9 0 0 0 0 0 0 0 0 0 0 0 0 0 0 0 0 0 0 0 0 0 0 0 0 0 0 0 9 9 9 9 9 9 1 1 1 1 1 1 1 1 1 1 1 1 1 1 1 1 1 1 1 1 9 9 9 0 0 0 0 0 0 0 9 9 1 1 1 1 9 0 0 0 0 0 0 9 1 1 1 9 0 0 0 0 0 0 0 0 0 0 0 0 0 0 0 0 192 1 0 0 9 1 1 1 1 1 1 1 1 9 9 9 9 0 0 0 0 0 0 0 0 0 0 0 0 0 0 0 0 0 0 0 0 0 0 0 0 0 0 40 0 0 192 1 0 0 9 1 1 1 1 1 1 9 9 9 0 0 0 0 0 0 0 0 1 0 0 0 0 0 0 0 0 0 0 9 1 1 1 9 9 0 0 0 192 1 0 9 9 1 1 1 1 1 9 9 9 9 1 1 1 1 1 1 1 1 1 1 9 9 1 0 0 0 0 0 39 0 0 0 0 0 0 0 0 0 0 0 0 0 0 0 0 0 0 0 0 0 0 0 9 1 1 1 1 1 1 1 1
1 1 1 9 0 0 0 0 9 9 9 9 1 1 1 1 1 1 1 1 1 1 1 1 1 1 1 1 1 1 1 1 1 9 9 0 0 0 0 0 0 0 0 0 0 0 0 0 0 0 0 0 0 0 0 0 0 0 0 0 0 0 0 0 0 0 0 0 0 0 0 0 0 0 0 0 0 0 0 0 0 0 9 9 9 9 9 9 9 9 9 9 9 9 9 9 9 9 9 9 9 9 9 9 0 0 0 0 0 0 0 0 0 9 1 1 1 1 1 9 0 0 0 0 0 0 9 1 1 1 9 9 0 0 0 192 0 0 0 0 0 0 0 0 0 0 1 1 0 0 9 9 1 1 9 1 1 1 1 1 1 1 1 9 9 9 9 9 0 0 0 0 0 0 0 0 0 0 0 0 0 0 0 0 0 0 0 0 0 0 40 0 0 1 1 0 9 9 1 1 9 1 1 1 1 1 9 9 0 0 0 0 0 0 0 1 0 0 0 0 0 0 0 0 0 0 9 1 1 1 9 0 0 0 0 1 1 0 0 9 1 1 1 1 1 1 1 1 1 1 1 1 1 9 9 1 1 1 1 1 9 9 1 0 0 0 0 39 0 0 0 192 0 0 0 0 0 0 0 0 0 0 0 0 0 0 0 0 0 0 9 9 1 1 1 1 1 1 1 1
1 1 1 9 0 0 0 0 9 1 1 1 1 1 1 1 1 1 1 1 1 1 1 1 1 1 1 1 1 1 1 1 9 9 0 0 0 0 0 0 0 0 0 0 0 0 0 0 0 0 0 0 0 0 0 0 0 0 0 0 0 0 0 0 0 0 0 0 0 0 0 0 0 0 0 0 0 0 0 0 0 0 0 0 0 0 0 0 0 0 0 0 0 0 0 0 0 0 0 0 0 0 0 0 0 0 0 0 0 0 0 0 9 9 1 1 1 1 1 9 0 0 0 0 0 0 9 9 1 1 1 9 0 1 1 1 1 0 0 0 0 0 0 0 0 0 0 0 9 9 9 1 1 1 9 9 9 9 1 1 1 1 1 1 1 1 1 9 9 0 0 1 1 192 0 0 0 0 0 0 0 0 0 0 0 0 0 0 0 0 40 0 0 1 0 0 9 1 1 1 9 9 1 1 1 1 1 9 9 9 0 0 0 0 0 0 0 0 0 0 0 0 0 0 0 9 9 1 1 9 9 0 0 0 0 0 0 0 0 9 9 9 9 1 1 1 1 1 1 1 1 9 9 9 9 9 9 1 1 1 1 9 9 0 0 0 0 39 0 1 1 1 1 1 0 0 0 0 0 0 0 0 0 0 0 0 0 0 0 9 9 1 1 1 1 1 1 1 1 1
1 1 1 9 0 0 0 0 9 1 1 1 1 1 1 1 1 1 1 1 1 1 1 1 1 1 1 1 1 1 1 1 9 0 0 0 0 0 0 0 0 0 0 0 0 0 0 0 0 0 0 0 0 0 0 0 0 0 0 9 9 9 9 9 9 9 9 9 9 0 0 0 0 0 0 0 0 0 0 0 0 0 0 0 0 0 0 0 0 0 0 0 0 0 0 0 0 0 0 0 0 0 0 0 0 0 0 0 0 0 0 0 9 1 1 1 1 1 1 9 0 0 0 0 0 0 0 9 1 1 1 9 9 0 0 0 1 0 0 0 0 0 0 0 0 0 0 9 9 1 1 1 1 1 9 0 0 9 9 9 9 1 1 1 1 1 1 1 9 9 0 0 1 1 0 0 0 0 0 0 0 0 0 0 0 0 0 0 0 0 40 0 0 0 0 9 9 1 1 1 9 9 9 9 1 1 1 1 1 9 9 0 0 0 0 0 0 0 0 0 0 0 0 0 9 9 1 1 1 9 0 0 0 0 0 0 0 0 0 0 0 0 9 9 1 1 1 1 1 1 9 9 0 0 0 0 9 9 1 1 1 1 9 9 9 0 0 39 0 0 0 0 0 0 0 0 0 0 0 0 0 0 9 9 9 9 9 9 9 9 1 1 1 1 1 1 1 1 1 1
1 1 1 9 0 0 0 0 9 1 1 1 1 1 1 1 1 1 1 1 1 1 1 1 1 1 1 1 1 1 1 9 9 0 0 0 0 0 0 0 192 0 0 0 0 0 0 0 0 0 0 0 0 0 0 0 0 0 0 9 1 1 1 1 1 1 1 1 9 9 0 0 0 0 0 0 0 0 0 0 0 0 0 0 0 0 0 0 0 0 0 0 0 0 0 0 0 0 0 0 0 0 0 0 0 0 0 0 9 9 9 9 9 1 1 1 9 1 1 9 0 0 0 0 0 0 0 9 9 1 1 1 9 9 9 0 0 0 0 0 0 0 0 0 0 9 9 9 1 1 1 1 1 9 9 0 0 0 0 0 9 9 9 9 9 1 1 1 1 9 9 0 0 0 0 0 0 0 0 0 0 0 0 0 0 0 0 0 0 0 40 0 0 0 9 9 1 1 1 9 9 0 0 9 9 1 1 1 1 1 9 9 9 0 0 0 0 0 0 0 0 0 0 9 9 1 1 1 1 9 0 0 0 0 0 0 0 0 0 0 0 0 0 9 9 9 9 9 9 9 9 0 0 0 0 0 0 9 9 1 1 1 1 1 9 9 9 9 9 9 9 9 9 9 9 9 9 9 9 9 9 9 9 1 1 1 1 1 9 9 1 1 1 1 1 1 1 1 1 1
1 1 1 9 0 0 0 0 9 1 1 1 1 1 1 1 1 1 1 1 1 1 1 1 1 1 1 1 1 1 1 9 0 0 0 0 0 0 0 0 1 0 0 0 0 0 0 0 0 0 0 0 0 0 0 0 0 0 9 9 1 1 1 1 1 1 1 1 1 9 0 0 0 0 0 0 0 0 0 0 0 0 0 0 0 0 0 0 0 0 0 0 0 0 0 0 0 0 0 0 0 0 0 0 0 0 0 9 9 1 1 1 1 1 1 9 9 1 1 9 9 0 0 0 0 0 0 0 9 1 1 1 1 1 9 9 9 9 9 9 9 9 9 9 9 9 1 1 1 1 1 9 9 9 0 0 0 0 0 0 0 0 0 0 9 9 1 1 1 1 9 9 9 9 0 0 0 0 0 0 0 0 0 0 0 0 0 0 0 0 40 9 9 9 9 1 1 1 1 9 0 0 0 0 9 9 9 1 1 1 1 1 9 9 9 9 9 9 9 9 9 9 9 9 1 1 1 1 9 9 0 0 9 9 9 9 0 0 0 0 0 0 0 0 0 0 0 0 0 0 0 0 0 0 0 0 0 0 9 9 1 1 1 1 1 1 9 1 1 1 1 1 1 1 1 1 1 1 1 1 1 1 1 1 1 1 1 1 1 9 1 1 1 1 1 1 1 1 1 1
1 1 1 9 0 0 0 9 9 1 1 1 1 1 1 1 1 1 1 1 1 1 1 1 1 1 1 1 1 1 1 9 0 0 0 0 0 0 0 0 1 0 0 0 0 0 0 0 0 0 0 0 0 0 0 0 0 0 9 1 1 1 1 1 1 1 1 1 1 9 0 0 0 0 0 0 0 0 0 0 0 0 0 0 0 0 0 0 0 0 0 0 0 0 0 0 0 0 0 0 0 0 0 0 0 9 9 9 1 1 1 1 1 1 1 9 9 1 1 1 9 0 0 0 0 0 0 0 9 9 1 1 1 1 1 1 1 1 1 1 1 1 1 1 1 1 1 1 1 1 9 9 0 0 0 0 0 0 0 9 9 9 9 0 0 9 9 1 1 1 1 1 1 9 9 9 9 9 9 9 9 9 9 9 9 9 9 9 9 9 9 9 1 1 1 1 1 1 9 9 0 0 192 0 0 0 9 9 1 1 1 1 1 1 1 1 1 1 1 1 1 1 1 1 1 1 1 9 9 0 0 0 9 1 1 9 0 0 0 0 0 0 0 0 0 0 0 0 0 0 0 0 0 0 0 0 0 0 0 9 9 9 1 1 1 1 1 1 1 1 1 1 1 1 1 1 1 1 1 1 1 1 1 1 1 9 1 1 1 1 1 1 1 1 1 1 1 1 1 1
1 1 1 9 0 0 0 9 1 1 1 1 1 1 1 1 1 1 1 1 1 1 1 1 1 1 1 9 9 9 9 9 0 0 0 0 0 0 0 0 1 0 0 0 0 0 0 9 9 9 9 9 9 9 9 9 9 9 9 1 1 1 1 1 1 1 1 1 1 9 9 0 0 0 0 0 0 0 0 0 0 0 0 0 0 0 0 0 0 0 0 0 0 0 0 0 0 0 0 0 0 0 0 0 0 9 1 1 1 1 1 9 9 9 9 9 9 1 1 1 9 0 0 0 0 0 0 0 0 9 9 9 1 1 1 1 1 1 1 1 1 1 1 1 1 1 1 1 9 9 9 0 0 0 0 0 0 0 0 9 1 1 9 0 0 0 9 9 1 1 1 1 1 1 1 1 1 9 1 1 1 1 1 1 1 1 1 1 1 1 1 1 1 1 1 1 1 9 9 0 0 1 1 1 0 0 0 9 9 9 1 1 1 1 1 1 1 1 1 1 1 1 1 1 1 1 9 9 0 0 0 0 9 1 1 9 0 0 0 0 0 0 0 0 0 0 0 0 0 0 0 0 0 0 0 0 0 0 0 0 0 9 9 9 1 1 1 1 1 9 9 9 9 9 9 9 9 9 9 9 9 9 9 9 9 9 9 1 1 1 1 1 1 1 1 1 1 1 1 1
1 1 1 9 0 0 0 9 1 1 1 1 1 1 1 1 1 1 1 1 1 1 9 9 9 9 9 9 0 0 0 0 0 0 0 0 0 0 0 0 1 0 0 0 0 9 9 9 1 1 1 1 1 1 1 1 1 1 1 1 1 1 1 1 1 1 1 1 1 1 9 9 0 0 0 0 0 0 0 0 0 0 0 0 0 0 0 0 0 0 0 0 0 0 0 0 0 0 0 0 0 0 0 0 9 9 1 1 1 1 9 9 0 0 0 0 9 9 1 1 9 9 0 0 0 0 0 0 0 0 0 9 9 9 9 9 9 9 9 9 9 9 9 9 9 9 9 9 9 0 0 0 0 0 0 0 0 0 0 9 1 9 9 0 0 0 0 9 9 9 9 1 1 1 1 1 1 1 1 1 1 1 1 1 1 1 1 1 1 1 1 1 1 1 9 9 9 9 0 0 0 0 0 0 0 0 0 0 0 9 9 9 9 9 9 9 9 9 9 9 9 9 9 9 9 9 9 0 0 0 0 0 9 1 1 9 0 0 0 0 0 0 0 0 0 0 0 0 0 0 0 0 0 0 0 0 0 0 0 0 0 0 0 9 9 9 9 9 9 9 0 0 0 0 0 0 0 0 44 0 0 0 0 0 0 0 9 9 9 1 1 1 1 1 1 1 1 1 1 1
1 1 1 9 0 0 0 9 9 1 1 9 9 9 9 9 9 9 9 9 9 9 9 0 0 0 0 0 0 0 0 0 0 0 0 0 0 0 0 0 1 0 0 0 0 9 1 1 1 1 1 1 1 1 1 1 1 1 1 1 1 1 1 1 1 1 1 1 1 1 1 9 0 0 0 0 0 0 0 0 0 0 0 0 0 0 0 0 0 0 0 0 0 0 0 0 0 0 0 0 192 0 0 0 9 1 1 1 9 9 9 0 0 0 0 0 0 9 1 1 1 9 1 1 0 0 0 0 0 0 0 0 0 0 0 0 0 0 0 0 0 0 1 192 0 0 0 0 0 0 0 0 0 0 0 0 0 0 0 9 1 9 0 0 0 0 0 0 0 0 9 9 9 9 9 1 1 1 1 1 9 9 9 9 9 9 9 9 9 9 9 9 9 9 9 0 0 0 0 0 0 0 0 0 0 0 0 0 0 0 0 0 0 0 0 43 0 0 0 0 0 0 0 0 0 0 0 0 0 0 0 9 9 1 1 9 0 0 0 0 0 0 0 0 0 0 0 0 0 0 0 0 0 0 0 0 0 0 0 0 0 0 0 0 0 0 0 0 0 0 0 0 0 0 0 0 0 0 44 0 0 1 0 192 1 0 0 0 9 9 9 1 1 1 1 1 1 1 1 1
1 1 1 9 0 0 0 0 9 9 9 9 0 0 0 0 0 0 0 0 0 0 0 0 0 0 0 0 0 0 0 0 0 0 0 0 0 0 0 0 1 0 0 0 9 9 1 1 1 1 9 9 9 9 9 9 9 9 9 9 9 9 9 9 9 9 9 9 1 1 1 9 9 0 0 0 0 0 0 0 0 192 0 0 192 0 0 0 0 0 0 0 0 0 0 0 0 0 0 0 1 0 0 0 9 1 1 1 9 0 0 0 0 0 0 0 0 9 1 1 1 9 9 9 9 1 192 0 0 0 0 0 0 0 0 0 0 0 0 0 0 0 0 1 1 1 0 0 0 0 0 0 0 0 0 0 0 0 0 9 1 9 0 0 0 0 0 0 0 0 0 0 0 0 9 9 9 9 9 9 9 0 0 0 0 0 0 0 0 0 0 0 0 0 0 0 0 0 0 0 0 0 0 0 0 0 0 0 0 0 0 0 0 0 0 43 0 0 0 0 0 0 0 0 0 0 0 0 0 0 0 9 1 1 1 9 0 0 0 0 0 0 0 0 0 0 0 0 0 0 0 0 0 0 0 0 0 0 0 0 0 0 0 0 0 0 0 0 0 0 0 0 0 0 0 0 0 0 44 0 0 0 1 1 0 0 0 0 0 0 9 9 1 1 1 1 1 1 1 1
1 1 1 9 9 0 192 0 0 0 0 0 0 0 0 0 0 0 0 0 0 0 0 0 0 0 0 0 0 0 0 0 0 0 0 0 0 0 0 0 0 0 0 0 9 1 1 1 9 9 9 0 0 0 0 0 0 0 0 0 0 0 0 0 0 0 0 9 9 1 1 1 9 9 0 0 0 0 0 0 1 1 1 0 1 0 0 0 0 0 0 0 0 0 0 0 0 0 0 0 1 0 0 9 9 1 1 9 9 0 0 0 0 0 0 0 0 9 9 1 1 1 1 1 9 9 1 1 0 0 0 0 0 0 0 0 0 0 0 0 0 0 0 0 0 0 0 0 0 0 0 0 0 0 0 0 0 0 0 9 1 9 0 0 0 0 0 0 0 0 0 0 0 0 0 0 0 0 0 0 0 0 0 0 0 0 0 0 0 0 0 0 0 0 0 0 0 0 0 0 0 0 0 0 0 0 0 0 0 0 0 0 0 0 0 43 0 0 0 0 0 0 0 0 0 0 0 0 0 0 0 9 1 1 1 9 9 0 0 0 0 0 0 0 0 0 0 0 0 0 0 0 0 0 0 0 0 0 0 0 0 0 0 0 0 0 0 0 0 0 0 0 0 0 0 0 0 0 44 0 0 0 0 0 0 0 0 0 0 0 0 9 9 1 1 1 1 1 1 1
1 1 1 1 9 1 1 1 1 0 0 0 0 0 0 0 0 0 0 0 0 0 0 0 0 0 0 0 0 0 0 0 0 0 0 0 0 0 0 0 0 0 0 9 9 1 1 1 9 0 0 0 0 0 0 0 0 0 0 0 0 0 0 0 0 0 0 0 9 1 1 1 1 9 9 0 0 0 0 0 0 0 0 0 0 1 0 0 0 0 0 0 0 0 0 0 0 0 0 0 0 0 0 9 1 1 1 9 0 0 0 0 0 0 0 0 0 0 9 1 1 1 1 1 1 9 9 9 1 0 0 0 0 0 0 0 0 0 0 0 0 0 0 0 0 0 0 0 0 0 0 0 0 0 0 0 0 0 0 9 1 9 0 0 0 0 0 0 0 192 1 0 0 0 0 0 0 0 0 0 0 0 0 0 0 0 0 0 0 0 0 0 0 0 0 0 0 0 0 0 0 0 0 0 0 0 0 0 0 0 0 0 0 0 0 43 0 0 0 0 0 0 0 0 0 0 0 0 192 0 0 9 1 1 1 1 9 9 0 0 0 0 0 0 0 0 0 0 0 0 0 0 0 0 0 0 0 0 0 0 0 0 0 0 0 0 0 0 0 0 0 0 0 0 0 0 0 0 44 0 0 0 0 0 0 0 0 0 0 0 0 0 9 9 1 1 1 1 1 1
1 1 1 1 9 9 0 0 1 0 0 0 0 0 0 0 0 0 0 0 0 0 0 0 0 0 0 0 0 0 0 0 0 0 0 0 0 0 0 0 0 9 9 9 1 1 1 9 9 0 0 0 0 0 0 0 0 0 0 0 0 0 0 0 0 0 0 0 9 9 1 1 1 1 9 9 9 0 0 0 0 0 0 0 0 0 0 0 0 0 0 0 0 0 0 0 0 0 0 0 0 0 9 9 1 1 1 9 0 0 0 0 0 0 0 0 0 0 9 9 9 1 1 1 1 1 1 9 9 9 9 9 9 0 0 0 0 0 0 0 0 0 0 0 0 0 0 0 0 0 0 0 0 0 0 0 0 0 0 9 1 9 0 0 0 0 0 0 1 1 1 0 0 0 0 0 0 0 0 0 0 0 0 0 0 0 0 0 0 0 0 0 0 0 0 0 0 0 0 0 0 0 0 0 0 0 0 0 0 0 0 0 0 0 0 43 0 0 0 0 0 0 0 0 0 0 0 0 1 1 9 9 1 1 1 1 1 9 9 0 0 0 0 0 0 0 0 0 0 0 0 0 0 0 0 0 0 0 0 0 0 0 0 0 0 0 0 0 0 0 0 0 0 0 0 0 0 0 44 0 0 0 0 0 0 0 0 0 0 0 0 0 0 9 9 1 1 1 1 1
1 1 1 1 1 9 9 9 0 0 0 0 0 0 0 0 0 0 0 0 0 0 0 0 0 1 192 0 0 0 0 0 0 0 0 0 0 0 0 0 9 9 1 1 1 1 1 9 0 0 0 0 0 0 0 0 0 0 0 0 0 0 0 0 0 0 0 0 0 9 9 1 1 1 1 1 9 9 9 9 0 0 0 0 0 0 0 0 0 0 0 0 0 0 0 0 0 0 0 0 0 9 9 1 1 1 9 9 0 0 0 0 0 0 0 0 0 0 0 0 9 9 9 1 1 1 1 1 1 1 1 1 9 9 9 9 9 9 9 9 9 9 9 9 0 0 0 0 0 0 0 0 0 0 0 0 0 0 0 9 1 9 0 0 0 0 0 0 0 0 0 0 0 0 0 0 0 0 0 0 0 0 0 0 0 0 0 0 0 0 0 0 0 0 0 0 0 0 0 0 0 0 0 0 0 0 0 0 0 0 0 0 0 0 0 43 0 0 0 0 0 0 0 0 0 0 0 0 0 9 9 1 1 1 1 1 1 1 9 9 0 0 192 0 0 0 0 0 0 0 0 0 0 0 0 0 0 0 0 192 0 0 0 0 0 0 0 0 9 9 9 9 0 9 9 9 9 0 44 0 0 9 9 9 9 9 9 0 0 0 0 0 0 0 9 9 1 1 1 1
1 1 1 1 1 1 1 9 9 9 9 9 9 0 0 0 0 0 0 0 0 0 0 0 0 1 1 0 0 0 0 0 0 0 0 0 0 0 0 9 9 1 1 1 1 1 9 9 0 0 0 0 0 0 0 0 0 0 0 0 0 0 0 0 192 0 0 0 0 0 9 9 1 1 1 1 1 1 1 9 9 9 9 9 9 9 9 9 9 9 0 0 0 0 0 0 0 0 0 9 9 9 1 1 1 1 9 0 0 0 0 0 0 0 0 0 0 0 0 0 0 0 9 9 9 1 1 1 1 1 1 1 1 1 1 1 1 1 1 1 1 1 1 9 0 0 0 0 0 0 0 0 0 0 0 0 0 0 0 9 1 9 0 0 0 0 0 0 0 0 0 0 0 0 0 0 0 0 0 0 0 0 0 0 0 0 0 0 0 0 0 0 0 0 0 0 0 0 0 0 0 0 0 0 0 0 0 0 0 0 0 0 0 0 0 43 0 0 0 0 0 0 0 0 0 0 0 0 0 9 1 1 1 1 9 1 1 1 1 9 9 0 1 1 1 0 0 0 0 0 0 0 0 0 0 0 0 0 1 1 0 0 0 9 9 9 9 9 9 1 1 9 9 9 1 1 9 9 9 9 9 9 1 1 1 1 9 9 0 0 0 0 0 0 0 9 1 1 1 1
1 1 1 1 1 1 1 1 9 9 1 1 9 9 9 9 9 9 9 0 0 0 0 0 0 1 0 0 0 0 0 0 0 0 0 0 0 0 9 9 1 1 1 1 9 9 9 0 0 0 0 0 0 0 0 0 0 0 0 0 0 0 0 1 1 1 1 0 0 0 0 9 9 9 1 1 1 1 1 1 1 1 1 1 1 1 1 1 1 9 9 9 9 9 9 9 9 9 9 9 1 1 1 1 1 9 9 0 0 0 0 0 0 0 0 0 0 0 0 0 0 0 0 0 9 9 9 9 9 9 1 1 1 1 1 1 1 1 1 1 1 1 1 9 9 9 0 0 0 0 0 0 0 0 0 0 0 0 0 9 1 9 0 0 0 0 0 0 0 0 0 0 0 0 0 0 0 0 0 0 0 0 0 0 0 0 0 0 0 0 0 0 0 0 0 0 0 0 0 0 0 9 9 9 9 9 9 9 9 9 9 9 9 9 9 9 9 9 9 9 9 0 0 0 0 9 9 9 9 9 1 1 1 9 9 9 1 1 1 1 9 0 0 0 0 0 0 0 0 0 0 0 0 0 0 0 0 0 0 1 0 9 9 9 1 1 1 1 1 1 1 1 1 1 1 1 1 1 1 1 1 1 1 1 1 1 1 9 9 9 9 9 0 0 0 9 1 1 1 1
1 1 1 1 1 1 1 1 1 1 1 1 9 1 1 9 1 1 9 0 0 0 0 0 0 0 0 0 0 0 0 0 0 0 0 9 9 9 9 1 1 1 1 9 9 0 0 0 0 0 0 0 0 0 0 0 0 0 0 0 0 0 0 0 0 0 0 0 0 0 0 0 0 9 9 9 9 1 1 1 1 1 1 1 1 1 1 1 1 1 1 1 1 1 1 1 1 1 1 1 1 1 1 1 9 9 0 0 0 0 0 0 0 0 0 0 0 0 0 0 0 0 0 0 0 0 0 0 0 9 9 9 9 9 9 9 9 9 9 9 9 1 1 1 1 9 9 9 0 0 0 0 0 0 0 0 0 0 0 9 1 9 9 9 9 0 0 0 0 0 0 0 0 0 0 0 0 0 0 0 0 0 0 0 0 192 0 0 0 0 0 0 0 0 0 0 0 0 0 0 0 9 1 1 1 1 1 1 1 1 1 1 1 1 1 1 1 1 1 1 9 9 9 9 9 9 1 1 1 1 1 1 9 9 0 9 9 1 1 1 9 9 0 0 0 0 0 0 0 0 0 0 0 0 0 0 0 0 0 0 9 9 1 1 1 1 1 1 1 1 1 1 1 1 1 1 1 1 1 1 1 1 1 1 1 1 1 1 1 1 1 9 0 0 0 9 9 1 1 1
1 1 1 1 1 1 1 1 1 1 1 1 1 1 1 1 1 1 9 9 9 0 0 0 0 0 0 0 0 9 9 9 9 9 9 9 1 1 1 1 1 1 9 9 0 0 0 0 0 0 0 0 1 192 0 0 0 0 0 0 0 0 0 0 0 0 0 0 0 0 0 0 0 0 0 0 9 9 9 9 9 1 1 1 1 1 1 1 1 1 1 1 1 1 1 1 1 1 1 1 1 1 9 9 9 0 0 0 0 0 192 0 0 0 0 0 0 0 0 0 0 0 0 0 0 0 0 0 0 0 0 0 0 0 0 0 0 0 0 0 9 1 1 1 1 1 1 9 9 0 0 0 0 0 0 0 0 0 0 9 1 1 1 1 9 0 0 0 9 9 9 9 9 0 0 0 0 0 0 0 0 0 0 0 1 1 0 0 0 0 0 0 0 0 0 0 0 0 0 9 9 9 1 1 1 1 1 1 1 1 1 1 1 1 1 1 1 1 1 1 1 1 1 1 1 1 1 1 1 1 1 1 9 0 0 0 9 9 1 1 1 9 0 0 0 0 0 0 0 0 0 0 0 0 0 0 0 0 0 9 9 1 1 1 1 1 9 9 9 9 9 9 9 9 9 9 9 9 9 9 9 9 9 1 1 1 1 1 1 1 1 9 0 0 0 0 9 1 1 1
1 1 1 1 1 1 1 1 1 1 1 1 1 1 1 1 1 1 1 1 9 9 9 9 9 9 9 9 9 9 1 1 1 1 1 1 1 1 1 1 1 9 9 0 0 0 0 0 0 0 0 0 1 1 0 0 0 0 0 0 0 0 0 0 0 0 0 0 0 0 0 0 0 0 0 0 0 0 0 0 9 9 1 1 1 1 1 1 1 1 1 1 1 1 1 1 1 1 1 1 1 1 9 0 0 0 0 0 1 1 1 1 0 0 0 0 0 0 0 0 0 0 0 0 0 0 0 0 0 0 0 0 0 0 0 0 0 192 0 0 9 9 9 1 1 1 1 1 9 9 0 0 0 0 0 0 0 0 0 9 9 9 9 9 9 0 0 0 9 1 1 1 9 9 9 0 0 0 0 0 0 0 0 1 1 0 0 0 0 0 0 0 0 0 0 9 9 9 9 9 1 1 1 1 9 9 9 9 9 9 9 9 9 9 9 9 9 9 1 1 1 1 1 1 1 1 1 1 9 9 9 9 9 0 0 0 0 9 1 1 1 9 9 9 9 9 9 9 9 9 9 9 0 0 0 0 0 0 0 9 1 1 1 1 9 9 9 0 0 0 0 0 0 0 0 0 0 0 0 0 0 0 9 9 9 1 1 1 1 1 1 9 0 0 0 0 9 1 1 1
1 1 1 1 1 1 1 1 1 1 1 1 1 9 9 9 1 1 1 1 1 1 1 1 1 1 1 1 1 1 1 1 1 1 1 1 1 1 9 9 9 9 0 0 0 0 0 0 0 0 0 0 0 0 0 0 0 0 0 0 0 0 0 0 0 0 0 0 0 0 0 0 0 0 0 0 0 0 0 0 0 9 1 1 1 1 1 1 1 1 1 1 1 1 1 1 1 1 1 1 9 9 9 0 0 0 0 0 1 0 0 0 0 0 0 0 0 0 0 0 0 0 0 0 0 0 0 0 0 0 0 0 0 0 0 0 0 1 0 0 0 0 9 9 9 1 1 1 1 9 0 0 0 0 0 0 0 0 0 0 0 0 0 0 0 0 0 0 9 1 1 1 1 1 9 9 0 0 0 0 0 0 0 0 0 0 0 0 0 0 0 0 0 0 9 9 1 1 1 1 1 1 1 1 9 0 0 0 0 0 0 0 0 0 0 0 0 9 9 9 9 9 9 9 9 9 9 9 9 0 0 0 0 0 0 0 0 9 9 1 1 1 1 1 1 1 1 1 1 1 1 9 9 9 9 9 9 9 9 9 1 1 1 9 9 0 0 0 0 0 0 0 0 0 0 0 0 0 0 0 0 0 0 0 9 9 9 1 1 1 1 9 0 0 0 0 9 1 1 1
1 1 1 1 1 1 1 1 1 1 1 1 1 9 0 9 9 9 1 1 1 1 1 1 1 1 1 1 1 1 1 1 9 9 9 9 9 9 9 0 0 0 0 0 0 0 0 0 0 0 0 0 0 0 0 0 0 0 0 0 0 0 0 0 0 0 0 0 0 0 0 0 0 0 0 0 0 0 0 0 0 9 9 1 1 1 1 1 1 1 1 1 1 1 1 1 1 1 9 9 9 0 47 0 0 0 0 0 0 0 0 0 0 0 0 0 0 0 0 0 0 0 0 0 0 0 0 0 0 0 0 0 0 0 0 0 0 1 0 0 0 0 0 0 9 9 1 1 1 9 0 0 0 0 0 0 192 0 0 0 0 0 0 0 0 0 0 0 9 1 1 1 1 1 1 9 9 0 0 0 0 0 0 0 0 0 0 0 0 0 0 0 0 9 9 1 1 1 1 1 1 1 9 9 9 0 0 1 0 192 0 0 0 0 0 0 0 0 0 0 0 0 0 0 0 0 45 0 0 0 0 0 0 0 0 0 0 0 9 1 1 1 1 1 1 1 1 1 1 1 1 1 1 1 1 1 1 1 1 1 1 1 9 9 0 0 0 0 0 0 0 0 0 0 0 0 1 192 0 0 0 0 0 0 0 0 9 9 9 1 1 9 0 0 0 0 9 9 1 1
1 1 1 1 1 1 1 1 1 1 1 1 9 9 0 0 0 9 9 9 9 9 9 9 9 9 9 9 9 9 9 9 9 0 48 0 0 0 0 0 0 0 0 0 0 0 0 0 0 0 0 0 0 0 9 9 9 9 9 9 9 9 9 9 9 0 0 0 0 0 0 0 0 0 0 0 0 0 0 0 0 0 9 9 1 1 1 1 1 1 1 1 1 1 1 9 9 9 9 0 0 0 47 0 0 0 0 0 0 0 0 0 0 0 0 9 9 9 9 9 0 0 0 0 0 0 0 0 0 0 0 0 0 0 0 0 0 1 0 0 0 0 0 0 0 9 9 1 1 9 0 0 0 0 0 0 1 0 0 0 0 0 0 0 0 0 0 0 9 1 1 1 1 1 1 1 9 9 9 0 0 0 0 0 0 0 0 9 9 9 9 9 9 9 1 1 1 1 9 9 9 9 9 0 0 0 0 0 1 1 1 0 0 0 0 0 0 0 0 0 0 0 0 0 0 0 45 0 0 0 0 0 0 0 0 0 0 0 9 9 9 9 9 9 9 9 9 9 9 1 1 1 1 1 1 1 1 1 1 1 1 1 9 0 0 0 0 0 0 0 0 0 0 0 0 0 0 1 0 0 0 0 0 0 0 0 0 0 9 9 9 9 0 0 0 0 0 9 1 1
1 1 1 1 1 1 1 1 1 1 1 1 9 0 0 0 0 0 0 0 0 0 0 0 0 0 0 0 0 0 0 0 0 0 48 0 0 0 0 0 0 0 0 0 0 0 0 0 0 0 0 0 0 0 9 1 1 1 1 1 1 1 1 1 9 9 9 9 9 9 0 0 0 0 0 0 0 0 0 0 0 0 0 9 9 1 1 1 1 1 1 1 1 9 9 9 0 0 0 0 0 0 47 0 0 0 0 0 0 0 0 0 0 0 9 9 1 1 1 9 9 0 0 0 0 0 0 0 0 0 0 0 0 0 0 0 0 0 0 0 0 0 0 0 0 0 9 1 1 9 9 0 0 0 0 0 1 0 0 0 0 0 0 0 0 0 0 0 9 1 1 1 1 1 1 1 1 1 9 9 9 9 9 9 9 9 9 9 1 1 1 1 1 1 1 1 1 9 9 0 0 0 0 0 0 0 0 0 0 0 0 0 0 0 0 0 0 0 0 0 0 0 0 0 0 0 45 0 0 0 0 0 0 0 0 0 0 0 0 0 0 0 0 0 0 0 0 0 9 9 9 9 9 9 9 9 9 9 9 9 9 9 9 0 0 0 0 0 0 0 0 0 0 0 0 0 0 0 1 0 0 0 0 0 0 0 0 0 0 0 0 0 0 0 0 0 1 9 1 1
1 1 1 1 1 1 1 1 1 1 1 1 9 0 0 0 0 0 0 0 0 0 0 0 0 0 0 0 0 0 0 0 0 0 48 0 0 0 0 0 0 0 0 0 0 0 0 9 9 9 9 9 9 9 9 1 1 1 1 1 1 1 1 1 1 1 1 1 1 9 9 9 0 0 0 0 0 0 0 0 0 0 0 0 9 9 9 9 9 9 9 9 9 9 0 0 0 0 0 0 0 0 47 0 0 0 0 0 0 0 0 0 0 9 9 1 1 1 1 1 9 0 0 0 0 0 0 0 0 0 0 0 0 0 0 0 0 0 0 0 0 0 0 0 0 0 9 1 1 1 9 0 0 0 0 0 1 0 0 0 0 0 0 0 0 0 0 0 9 1 1 1 1 1 1 1 1 1 1 1 1 1 1 1 1 1 1 1 1 1 1 1 1 1 1 1 9 9 0 0 0 0 0 0 0 0 0 0 0 0 0 0 0 0 0 0 0 0 0 0 0 0 0 0 0 0 45 0 0 0 192 0 0 0 0 0 0 0 0 1 0 0 0 0 0 0 0 0 0 0 0 0 0 0 0 0 0 0 0 0 0 0 0 0 0 0 0 0 0 0 0 0 0 0 0 0 0 0 0 0 0 0 0 0 0 0 0 0 0 0 0 0 0 0 192 0 1 9 1 1
1 1 1 1 1 1 1 1 1 1 1 9 9 0 0 0 0 0 0 0 0 0 0 0 0 0 0 0 0 0 192 0 0 0 48 0 0 0 0 0 0 0 0 0 0 0 0 9 1 1 1 1 1 1 1 1 1 1 1 1 1 1 1 1 1 1 1 1 1 1 1 9 9 9 9 0 0 0 0 0 0 0 0 0 0 0 0 0 0 0 0 0 0 0 0 0 0 0 0 0 0 0 47 0 0 0 0 0 0 0 0 0 9 9 1 1 1 1 1 1 9 0 0 0 0 0 0 0 0 0 0 0 0 0 0 0 0 0 0 0 0 192 0 0 0 0 9 1 1 1 9 0 0 0 0 0 1 1 0 0 0 0 0 0 0 0 0 0 9 1 1 1 1 1 1 1 1 1 1 1 1 1 1 1 1 1 1 1 1 1 9 9 9 9 9 9 9 0 0 0 0 0 0 0 0 0 0 0 0 0 0 0 0 0 0 0 0 0 0 0 0 0 0 0 0 0 45 0 0 0 1 1 0 0 0 0 0 0 0 1 0 0 0 0 0 0 0 0 0 0 0 0 0 0 0 0 0 0 0 0 0 0 0 0 0 0 0 0 0 0 0 0 0 0 0 0 0 0 0 0 0 0 0 0 0 0 0 0 0 0 0 0 1 1 1 1 1 9 1 1
1 1 1 1 1 1 1 1 1 1 9 9 0 0 0 0 0 0 0 0 0 9 9 9 9 9 9 0 0 1 1 1 1 0 48 0 0 0 0 0 0 0 0 0 0 0 0 9 1 1 1 1 1 1 1 1 1 1 1 1 1 1 1 1 1 1 1 1 1 1 1 1 1 1 9 9 9 0 0 0 0 0 0 0 0 0 0 0 0 0 0 0 0 0 0 0 0 0 0 0 0 0 47 0 0 0 0 0 0 0 0 9 9 1 1 1 1 1 1 1 9 0 0 0 0 0 0 0 0 0 0 0 0 0 0 0 0 0 0 0 1 1 1 1 0 0 9 9 1 1 9 9 0 0 0 0 0 0 0 0 0 0 0 0 0 0 0 0 9 1 1 1 1 9 9 9 9 9 9 9 9 9 9 9 9 9 9 9 9 9 9 0 0 0 0 0 0 0 0 0 0 0 0 0 0 0 0 0 0 0 0 0 0 0 0 0 0 0 0 0 0 0 0 0 0 0 45 0 0 0 0 0 1 0 0 0 0 0 192 1 0 0 0 0 0 0 0 0 0 0 0 0 0 0 0 0 0 0 0 0 0 0 0 0 0 0 0 0 0 0 0 0 0 0 0 0 0 0 0 0 0 0 0 0 0 0 0 0 0 0 0 0 0 0 0 0 0 9 1 1
1 1 1 1 1 1 1 1 1 9 9 0 0 0 0 0 0 0 0 9 9 9 1 1 1 1 9 0 0 0 0 0 1 0 48 0 0 0 0 0 0 0 0 0 9 9 9 9 1 1 9 9 9 9 1 1 1 1 1 1 1 1 1 1 1 1 1 1 1 1 1 1 1 1 1 1 9 9 9 0 0 0 0 0 0 0 0 0 0 1 1 192 0 0 0 0 0 0 0 0 0 0 47 0 0 0 0 0 0 0 0 9 1 1 1 1 9 9 1 1 9 0 0 0 0 0 0 0 0 0 0 0 0 0 0 0 0 0 0 0 0 0 0 0 0 0 0 9 1 1 1 9 9 9 0 0 0 0 0 0 0 0 0 0 0 0 0 0 9 1 1 1 1 9 0 0 0 0 0 0 0 0 0 0 0 0 0 0 0 0 0 0 0 0 0 0 0 0 0 0 0 0 0 0 0 0 0 0 0 0 0 0 0 0 0 0 0 0 0 0 0 0 0 0 9 9 9 9 9 9 9 9 0 0 0 0 0 0 1 1 0 0 0 0 0 0 0 0 0 0 0 0 0 0 0 0 0 0 0 0 0 0 0 0 9 9 9 9 9 9 9 9 9 9 9 9 9 9 9 9 9 9 9 0 0 0 0 0 0 0 0 0 0 0 0 0 0 9 1 1
1 1 1 1 1 1 1 1 1 9 0 0 0 0 192 0 0 0 9 9 1 1 1 1 1 1 9 9 9 9 9 9 9 9 9 9 9 9 9 9 9 9 9 9 9 1 1 1 1 1 9 0 0 9 9 1 1 1 1 1 1 1 1 1 1 1 1 1 1 1 1 1 1 1 1 1 1 1 9 9 0 0 0 0 0 0 0 0 0 0 1 1 0 0 0 0 0 0 0 0 0 0 47 0 0 0 0 0 0 0 9 9 1 1 1 9 9 9 1 1 9 0 0 0 0 0 0 0 0 0 0 0 0 0 0 0 0 0 0 0 0 0 0 0 0 0 0 9 1 1 1 1 1 9 0 0 0 0 0 0 0 192 0 0 0 0 0 0 9 1 1 1 1 9 9 9 0 0 0 0 0 0 0 0 0 0 0 0 0 0 0 0 0 0 9 9 9 9 9 9 9 9 9 9 9 9 9 9 9 9 9 9 0 0 0 0 0 0 0 0 0 9 9 9 9 1 1 1 1 1 1 9 9 9 9 0 0 0 0 0 0 0 0 0 0 0 0 0 0 0 0 0 0 0 0 0 0 0 0 0 0 0 0 9 9 1 1 1 1 1 1 1 1 1 1 1 1 1 1 1 1 1 9 9 0 0 0 0 0 0 0 0 0 0 0 0 0 9 1 1
1 1 1 1 1 1 1 1 9 9 0 0 0 1 1 1 0 9 9 1 1 1 1 1 1 1 1 1 1 1 1 1 1 1 1 1 1 1 1 1 1 1 1 1 1 1 1 1 1 1 9 0 0 0 9 1 1 1 1 1 1 1 1 1 1 1 1 1 1 1 1 1 1 1 1 1 1 1 1 9 9 0 0 0 0 0 0 0 0 0 0 1 0 0 0 0 0 0 0 0 0 0 47 0 0 0 0 0 0 9 9 1 1 1 9 9 0 9 1 1 9 9 9 9 9 9 9 9 9 9 0 0 0 0 0 0 0 0 0 0 0 0 0 0 0 0 0 9 9 1 1 1 1 9 9 0 0 0 0 0 1 1 0 0 0 0 0 0 9 1 1 1 1 1 1 9 0 0 0 0 0 0 0 0 0 0 0 0 0 0 0 0 0 0 9 1 1 1 1 1 1 1 1 1 1 1 1 1 1 1 1 9 9 9 9 9 9 9 9 9 9 9 1 1 1 1 1 1 1 1 1 1 1 1 9 9 0 0 0 0 0 0 0 0 0 0 0 0 0 0 0 0 0 0 0 0 0 0 0 0 0 0 0 9 1 1 1 1 1 1 1 1 1 1 1 1 1 1 1 1 1 1 1 9 9 0 0 0 0 0 0 0 0 0 0 0 0 9 1 1
1 1 1 1 1 1 1 9 9 0 0 0 0 1 0 0 0 9 1 1 1 1 9 9 1 1 1 1 1 1 1 1 1 1 1 1 1 1 1 1 1 1 1 1 1 1 1 9 9 9 9 0 0 0 9 9 1 1 1 1 1 1 1 1 1 1 1 1 1 1 1 1 1 1 1 1 1 1 1 1 9 0 0 0 0 0 0 0 0 0 0 0 0 0 0 0 0 0 0 0 0 0 9 9 9 9 9 9 9 9 1 1 1 1 9 0 0 9 1 1 1 1 1 1 1 1 1 1 1 9 9 9 0 0 0 0 0 0 0 0 0 0 0 0 0 0 0 0 9 9 9 1 1 1 9 0 0 0 0 0 0 0 1 1 1 0 0 0 9 1 1 1 1 1 1 9 0 0 0 0 0 0 0 0 0 0 0 0 0 0 9 9 9 9 9 1 1 1 1 1 1 1 1 1 1 1 1 1 1 1 1 1 1 1 1 1 1 1 1 1 1 1 1 1 1 1 1 9 9 1 1 1 1 1 1 9 0 0 0 0 0 0 0 0 0 0 0 0 0 0 0 0 0 0 0 0 0 0 0 0 0 9 9 9 1 1 1 9 9 9 9 9 9 9 9 9 9 9 9 9 1 1 1 1 9 9 9 0 0 0 0 0 0 0 0 0 0 9 1 1
1 1 1 1 1 1 9 9 0 0 0 0 0 0 0 0 9 9 1 1 1 1 9 9 9 9 9 9 9 9 9 9 9 9 9 9 9 9 9 9 9 9 9 9 9 9 9 9 0 0 0 0 0 0 0 9 9 1 1 1 1 1 1 1 1 1 1 1 1 1 1 1 1 1 1 1 1 1 1 1 9 0 0 0 0 0 0 0 0 0 0 0 0 0 0 0 0 9 9 9 9 9 9 1 1 1 1 1 1 1 1 1 1 9 9 0 0 9 1 1 1 1 1 1 1 1 1 1 1 1 1 9 0 0 0 0 0 0 0 0 0 0 0 0 0 192 0 0 0 0 9 1 1 1 9 0 0 0 0 0 0 0 0 0 0 0 0 0 9 9 9 1 1 1 1 9 0 0 0 0 0 0 0 0 0 0 0 0 0 9 9 1 1 1 1 1 1 9 9 9 9 9 9 9 9 9 9 9 9 1 1 1 1 1 1 1 1 1 1 1 1 1 1 1 9 9 9 9 9 9 9 9 1 1 1 9 9 0 0 0 0 0 0 0 0 0 0 0 0 0 0 0 0 0 0 0 0 0 0 0 9 9 1 1 1 1 9 9 0 0 0 0 0 0 0 0 0 0 0 9 9 1 1 1 1 1 9 9 9 9 9 9 0 0 0 0 0 9 1 1
1 1 1 1 1 1 9 0 0 0 0 0 0 0 9 9 9 1 1 1 9 9 9 0 0 0 0 0 0 0 0 0 0 0 0 0 0 0 0 0 0 0 0 0 0 0 0 0 0 0 0 0 0 0 0 0 9 9 9 9 9 9 9 1 1 1 1 1 1 1 1 1 1 1 1 1 1 1 1 1 9 9 9 0 0 0 0 0 0 0 0 0 0 0 0 0 0 9 1 1 1 1 1 1 1 1 1 1 1 1 1 1 9 9 0 0 0 9 9 9 9 9 9 9 9 9 9 1 1 1 1 9 9 0 0 0 0 0 0 0 0 0 0 1 1 1 0 0 0 0 9 9 1 1 9 9 0 0 0 0 0 0 0 0 0 0 0 0 0 0 9 9 9 1 1 9 0 0 0 0 0 0 0 0 192 0 1 0 9 9 1 1 1 1 1 1 1 9 0 0 0 0 0 0 0 0 0 0 9 9 9 9 9 9 9 9 9 9 9 9 9 9 9 9 9 0 0 0 0 0 0 9 9 1 1 1 9 0 0 0 0 9 9 9 9 9 9 9 9 9 9 9 9 9 9 9 9 9 9 9 9 1 1 1 1 1 9 0 0 0 0 0 0 0 0 0 0 0 0 0 9 9 1 1 1 1 1 1 1 1 1 9 9 9 9 9 9 9 1 1
1 1 1 1 1 9 9 0 0 0 0 0 0 9 9 1 1 1 1 1 9 0 0 0 0 0 0 0 0 0 0 0 0 0 0 0 0 0 0 0 0 0 0 0 0 0 0 0 0 0 0 0 0 0 0 0 0 0 0 0 0 0 9 9 1 1 1 1 1 1 1 1 1 1 1 1 1 1 1 1 1 1 9 0 0 0 0 0 0 0 0 0 0 0 0 0 0 9 1 1 1 1 1 1 1 9 9 9 9 9 9 9 9 0 0 0 0 0 0 0 0 0 0 0 0 0 9 9 9 1 1 1 9 9 0 0 0 0 0 0 0 0 0 0 0 0 1 0 0 0 0 9 1 1 1 9 0 0 0 0 0 0 0 0 0 0 0 0 0 0 0 0 9 1 1 9 0 0 0 0 0 0 0 0 1 1 1 9 9 1 1 1 1 9 9 9 9 9 0 0 0 0 0 0 0 0 0 0 0 0 0 0 0 0 0 0 0 0 0 0 0 0 0 0 0 0 0 0 0 0 0 0 9 1 1 1 9 0 0 0 0 9 1 1 1 1 1 1 1 1 1 1 1 1 1 1 1 1 1 1 1 1 1 1 9 9 9 0 0 0 0 0 0 0 0 0 0 0 0 0 0 9 9 9 1 1 1 1 1 1 1 1 1 1 1 1 1 1 1 1
1 1 1 1 1 9 0 0 0 0 0 0 0 9 1 1 1 1 1 9 9 0 0 0 0 0 0 0 0 0 0 0 0 0 0 0 0 0 0 0 0 0 0 0 0 0 0 0 0 0 0 0 0 0 0 0 0 0 0 0 0 0 0 9 1 1 1 1 1 1 1 1 1 1 1 1 1 1 1 1 1 1 9 0 0 0 0 0 0 0 0 0 0 0 0 0 0 9 1 1 9 9 9 9 9 9 0 0 0 0 0 0 0 0 0 0 0 0 0 0 0 0 0 0 0 0 0 0 9 1 1 1 1 9 9 0 0 0 0 0 0 0 0 0 0 0 0 1 0 0 0 9 1 1 1 9 9 0 0 0 0 0 0 0 0 0 0 0 0 0 0 0 9 1 1 9 0 0 0 0 0 0 0 9 9 9 9 9 1 1 1 1 9 9 0 0 0 0 0 0 0 0 0 0 0 0 0 0 0 0 0 1 192 0 0 0 0 0 0 0 0 0 0 0 0 0 0 0 0 0 0 0 9 9 1 1 9 9 0 0 9 9 1 1 1 1 1 1 1 1 1 1 1 1 1 1 1 1 1 1 1 1 1 9 9 0 0 0 0 0 0 0 0 192 0 0 0 0 0 0 0 0 0 9 9 9 9 9 9 1 1 1 1 1 1 1 1 1 1 1
1 1 1 1 1 9 0 0 0 0 0 0 9 9 1 1 1 9 9 9 0 0 0 0 0 0 0 0 0 0 0 0 0 0 0 0 0 0 0 0 0 0 0 0 0 0 0 0 0 0 0 0 0 0 0 0 0 0 0 1 1 0 0 9 9 9 9 9 9 9 9 9 9 9 9 9 9 9 9 9 1 1 9 0 0 0 0 0 192 0 0 0 0 0 0 0 0 9 1 1 9 0 0 0 0 0 0 0 0 0 0 0 0 0 0 0 0 0 0 0 0 0 0 0 0 0 0 0 9 9 1 1 1 1 9 9 0 0 0 0 0 0 0 0 0 0 0 0 1 0 0 9 9 1 1 1 9 0 0 0 0 0 0 0 0 0 0 0 0 0 200 0 9 1 1 9 0 0 0 0 9 9 9 9 1 1 1 1 1 1 1 9 9 0 0 0 0 0 0 0 0 0 0 0 0 0 0 0 0 0 0 0 1 1 1 1 1 0 0 0 0 0 0 0 0 0 0 0 0 0 0 0 0 9 1 1 1 9 9 0 9 1 1 1 9 9 9 9 9 9 9 9 9 9 9 9 9 9 9 9 9 9 9 9 0 0 0 0 0 0 0 0 0 1 0 0 0 0 0 0 0 0 0 0 0 0 0 0 9 1 1 1 1 1 1 1 1 1 1 1
1 1 1 1 1 9 0 0 0 0 0 0 9 1 1 1 9 9 49 0 0 0 0 0 0 0 0 0 0 0 0 0 0 0 0 0 0 0 192 0 0 0 0 0 0 0 0 0 0 0 0 0 0 0 0 0 0 0 0 1 0 0 0 0 0 0 0 0 0 50 0 0 0 0 0 0 0 0 0 9 1 1 9 9 0 0 1 1 1 0 1 0 0 0 0 0 0 9 1 1 9 0 0 0 0 0 0 0 0 0 0 0 0 0 0 0 0 0 0 0 0 0 0 0 0 0 0 0 0 9 9 1 1 1 1 9 9 0 0 0 0 0 0 0 0 0 0 0 0 0 0 0 9 1 1 1 9 0 0 0 0 0 0 0 0 0 0 0 0 0 0 0 9 1 1 9 0 0 0 0 9 1 1 1 1 1 1 1 1 1 9 9 0 0 0 0 0 0 0 0 0 0 0 0 0 0 0 0 0 0 0 0 0 0 0 0 0 0 0 0 0 0 0 0 0 0 0 0 0 0 0 0 0 9 1 1 1 1 9 0 9 1 1 1 9 0 0 0 0 0 0 0 0 54 0 0 0 0 0 0 0 0 0 0 0 0 0 0 0 0 0 0 0 1 0 0 0 0 0 0 0 0 0 0 0 0 0 0 9 9 9 9 1 1 1 1 1 1 1 1
1 1 1 1 1 9 0 0 0 0 0 0 9 1 1 1 9 0 49 0 0 0 0 0 0 9 9 9 9 9 9 9 9 9 9 9 1 1 1 1 1 9 9 9 9 9 9 9 9 9 9 9 0 0 0 0 0 0 192 1 0 0 0 0 0 0 0 0 0 50 0 0 0 0 0 0 0 0 0 9 1 1 1 9 0 0 0 0 0 0 0 0 0 0 0 0 0 9 1 1 9 0 0 0 0 0 0 0 0 0 0 0 0 0 9 9 9 9 9 0 0 0 0 0 0 0 0 0 0 0 9 9 1 1 1 1 9 9 0 0 0 0 0 0 0 0 0 0 0 0 0 0 9 9 1 1 9 0 0 0 0 0 0 0 0 0 0 0 0 0 0 0 9 1 1 9 0 0 0 0 9 1 1 1 1 1 9 9 9 9 9 53 0 0 0 0 0 0 0 0 0 0 0 0 0 0 0 0 0 0 0 0 0 0 0 0 0 0 0 0 0 0 0 0 0 0 0 0 0 0 0 0 0 9 9 1 1 1 9 9 9 1 1 9 9 1 192 0 0 0 0 0 0 54 54 0 0 0 0 0 0 0 0 0 0 0 0 0 0 0 0 0 0 0 0 0 0 0 0 0 0 0 0 0 0 0 0 0 0 0 0 9 9 1 1 1 1 1 1 1
1 1 1 1 1 9 192 0 0 0 0 0 9 1 1 9 9 0 49 0 0 0 0 0 9 9 1 1 1 1 1 1 1 1 1 1 1 1 1 1 1 1 1 1 1 1 1 1 1 1 1 9 9 9 0 0 0 1 1 1 0 0 0 0 0 0 0 0 0 50 0 0 0 0 0 0 0 192 0 9 1 1 1 9 9 0 0 0 0 0 0 0 0 0 0 0 0 9 1 1 9 0 0 0 0 0 0 0 0 0 0 1 192 0 9 1 1 1 9 9 0 0 0 0 0 0 0 0 0 0 0 9 9 1 1 1 1 9 9 0 0 0 0 0 0 0 0 0 0 0 0 0 0 9 1 1 9 9 0 0 0 9 9 9 9 9 9 9 9 9 9 9 9 1 1 9 0 0 0 0 9 1 1 9 9 9 9 0 0 0 0 53 0 0 0 0 0 0 0 0 0 0 0 0 0 0 0 0 0 0 0 0 0 0 0 0 0 0 0 0 0 0 0 0 0 0 0 0 0 0 0 0 0 0 9 9 1 1 1 1 9 1 1 9 0 0 1 1 0 0 0 0 0 0 54 0 0 0 0 0 0 0 0 0 0 0 0 0 0 0 0 0 0 0 0 0 0 0 0 0 0 0 0 0 0 0 0 0 0 0 0 0 9 9 1 1 1 1 1 1
1 1 1 1 1 9 1 0 0 0 0 9 9 1 1 9 0 0 49 0 0 0 0 9 9 1 1 1 1 1 1 1 1 1 1 1 1 1 1 1 1 1 1 1 1 1 1 1 1 1 1 1 1 9 9 0 0 0 0 0 0 0 0 0 0 0 0 0 0 50 0 0 0 0 0 0 1 1 0 9 9 1 1 1 9 9 9 9 0 0 0 0 0 0 0 0 9 9 1 1 9 0 0 0 0 0 0 0 0 0 0 0 1 0 9 1 1 1 1 9 9 0 0 0 0 0 0 0 0 0 0 0 9 9 1 1 1 1 9 9 0 0 0 0 0 0 0 0 0 0 0 0 0 9 1 1 1 9 0 0 0 9 1 1 1 1 1 1 1 1 1 1 1 1 1 9 0 0 0 0 9 1 1 9 0 0 0 0 0 0 0 53 0 0 0 0 0 0 0 0 0 0 0 0 0 0 0 0 0 0 0 0 0 0 0 0 0 0 0 0 0 0 0 0 0 0 0 0 0 0 0 0 0 0 0 9 1 1 1 1 1 1 1 9 0 0 0 0 0 0 0 0 0 0 54 54 0 0 0 0 0 0 0 0 0 0 0 0 0 0 0 0 0 0 0 0 0 0 0 0 0 0 0 0 0 0 0 0 192 0 0 0 0 9 9 1 1 1 1 1
1 1 1 1 1 9 1 0 0 0 0 9 1 1 1 9 0 0 49 49 0 0 9 9 1 1 1 1 1 1 1 9 9 9 9 9 9 9 9 9 9 9 9 9 9 9 9 9 1 1 1 1 1 1 9 0 0 0 0 0 0 0 0 0 0 0 9 9 9 9 9 0 0 0 0 0 0 1 0 0 9 1 1 1 1 1 1 9 9 9 9 9 0 0 0 0 9 1 1 1 9 0 0 0 0 0 0 0 0 0 0 0 0 0 9 1 1 1 1 1 9 9 0 0 0 0 0 0 0 0 0 192 0 9 9 1 1 1 1 9 9 0 0 0 0 0 0 0 0 0 0 0 0 9 1 1 1 9 9 0 0 9 1 1 1 1 1 1 1 1 1 1 1 1 1 9 0 0 0 0 9 1 1 9 0 1 192 0 0 0 0 53 53 0 0 0 0 0 0 0 0 0 0 0 0 0 0 0 0 0 0 0 0 0 0 0 0 0 0 0 0 0 0 0 0 0 0 0 0 0 0 0 0 0 0 9 9 9 1 1 1 1 1 9 0 0 0 0 0 0 0 0 0 0 0 54 0 0 0 0 0 0 0 0 0 0 0 0 0 0 0 0 0 0 0 0 0 0 0 0 0 0 0 0 0 0 0 0 1 0 0 0 0 0 9 9 1 1 1 1
1 1 1 1 1 9 1 0 0 0 0 9 1 1 1 9 0 0 0 49 0 0 9 1 1 1 1 1 1 9 9 9 0 0 0 0 0 0 0 0 0 0 0 0 0 0 0 9 9 9 9 1 1 1 9 0 0 0 0 0 0 0 0 9 9 9 9 1 1 1 9 0 0 0 0 0 0 1 0 0 9 1 1 1 1 1 1 1 1 1 1 9 9 9 9 9 9 1 1 1 9 0 0 0 0 0 0 0 9 9 9 9 9 9 9 1 1 1 1 1 1 9 9 0 0 0 0 0 0 0 0 1 1 0 9 9 1 1 1 1 9 9 0 0 0 0 0 0 0 0 0 0 0 9 9 1 1 1 9 9 9 9 1 1 9 9 9 9 9 9 9 9 9 9 9 9 0 0 0 0 9 1 1 9 0 1 1 1 0 0 0 0 53 0 0 0 0 0 0 0 0 0 0 9 9 9 9 9 9 9 9 9 9 9 9 9 9 9 9 9 9 9 9 9 9 9 9 0 0 0 0 0 0 0 0 0 0 9 9 9 9 9 9 9 0 0 0 0 0 0 0 0 0 0 0 54 0 0 0 0 0 0 0 0 0 0 0 0 0 0 0 0 0 0 0 0 0 0 0 0 0 0 0 0 0 0 0 0 0 0 0 0 0 0 0 9 9 1 1 1
1 1 1 1 1 9 1 0 0 0 0 9 1 1 9 9 0 0 0 49 0 0 9 1 1 1 1 9 9 9 0 0 0 0 0 0 0 0 0 0 192 0 0 0 192 0 0 192 0 0 9 9 1 1 9 0 0 0 0 0 0 9 9 9 1 1 1 1 1 1 9 9 0 0 0 0 0 0 0 0 9 1 1 1 1 1 1 1 1 1 1 1 1 1 1 1 1 1 1 1 9 0 0 0 0 0 9 9 9 1 1 1 1 1 1 1 1 1 1 1 1 1 9 9 0 0 0 0 0 0 0 0 0 0 52 9 9 1 1 1 1 9 9 0 0 0 0 0 0 0 0 0 0 0 9 1 1 1 1 1 1 1 1 1 9 0 0 0 46 0 0 0 0 0 0 0 0 0 0 0 9 1 1 9 0 0 0 0 0 0 0 0 53 0 0 0 0 0 9 9 9 9 9 9 1 1 1 1 1 1 1 1 1 1 1 1 1 1 1 1 1 1 1 1 1 1 9 9 9 0 0 0 0 0 0 0 0 0 0 0 0 0 0 0 0 0 0 0 0 0 0 0 0 0 0 9 9 9 9 9 9 9 9 9 9 9 9 9 9 9 9 9 9 9 9 9 9 9 0 0 0 0 0 0 0 0 0 0 0 0 0 0 0 0 0 0 9 1 1 1
1 1 1 1 1 9 1 0 0 0 0 9 1 1 9 0 0 0 0 49 0 0 9 9 1 1 1 9 0 0 0 0 0 0 0 0 0 0 0 0 1 0 0 1 1 1 0 1 1 0 0 9 1 1 9 0 0 0 0 9 9 9 1 1 1 1 1 1 1 1 1 9 0 0 0 0 0 0 0 0 9 1 1 1 1 1 1 1 1 1 1 1 1 1 1 1 1 1 1 1 9 0 0 0 0 0 9 1 1 1 1 1 1 1 1 1 1 9 9 1 1 1 1 9 0 0 0 0 0 0 0 0 0 52 52 0 9 9 1 1 1 1 9 9 0 0 0 0 0 0 0 0 0 0 9 9 1 1 1 1 1 1 1 1 9 0 0 0 46 0 0 0 0 0 0 0 0 0 0 0 9 1 1 9 0 0 0 0 0 0 0 0 53 0 0 0 0 9 9 1 1 1 1 1 1 1 1 1 1 1 1 1 1 1 1 1 1 1 1 1 1 1 1 1 1 1 1 1 9 9 9 0 0 0 0 0 0 0 0 0 0 0 0 0 0 0 0 0 0 0 0 0 0 9 9 9 1 1 1 1 1 1 1 1 1 1 1 1 1 1 1 1 1 1 1 1 1 9 9 9 9 9 9 9 0 0 0 0 0 0 0 0 0 0 0 0 9 1 1 1
1 1 1 1 1 9 0 0 0 0 0 9 1 1 9 0 0 0 0 49 0 0 0 9 9 1 1 9 0 0 0 0 0 192 0 0 0 0 0 0 0 0 0 0 0 0 0 0 0 0 0 9 1 1 9 0 0 0 0 9 1 1 1 1 1 1 1 1 1 1 1 9 9 9 0 0 0 0 0 0 9 1 1 1 1 1 1 1 1 1 1 1 1 1 1 1 1 1 1 1 9 0 0 0 0 0 9 1 1 1 1 9 9 9 9 9 9 9 9 9 1 1 1 9 9 0 0 0 0 0 0 0 0 52 0 0 0 9 9 1 1 1 1 9 0 0 0 0 0 0 0 0 0 0 0 9 9 9 9 9 9 9 9 9 9 0 0 0 46 0 0 0 0 0 0 0 0 0 0 9 9 1 1 9 0 0 0 0 0 0 0 0 0 53 0 9 9 9 1 1 1 1 1 1 1 1 9 9 9 9 9 9 9 9 9 9 9 9 1 1 1 1 1 1 1 1 1 1 1 1 9 9 0 0 0 0 0 0 0 0 0 0 0 0 0 0 0 0 0 0 0 0 9 9 1 1 1 1 1 1 1 1 1 1 1 1 1 1 1 1 1 1 1 1 1 1 1 1 1 1 1 1 1 9 9 9 9 9 0 0 0 0 0 0 0 0 9 1 1 1
1 1 1 1 1 9 0 0 0 0 0 9 1 1 9 0 0 0 0 49 49 0 0 9 9 1 1 9 0 0 0 0 1 1 1 0 0 0 0 0 0 0 0 0 0 0 0 0 0 0 0 9 1 1 9 0 0 0 0 9 1 1 1 1 1 1 1 1 1 1 1 1 1 9 0 0 0 0 0 0 9 1 1 1 1 1 1 1 1 1 1 1 1 1 1 1 1 1 1 1 9 0 0 0 0 0 9 1 1 9 9 9 0 0 0 0 0 0 0 9 9 1 1 1 9 9 0 0 0 0 0 0 0 52 0 0 0 0 9 9 1 1 1 9 9 0 0 0 0 0 0 0 0 0 0 0 0 0 0 0 0 0 0 0 0 0 0 0 46 0 0 0 0 0 0 0 0 0 0 9 1 1 1 9 0 0 0 0 0 0 0 0 0 53 9 9 1 1 1 1 1 9 9 9 9 9 9 0 0 0 0 0 0 0 0 0 0 9 9 9 1 1 1 1 1 1 1 1 1 1 1 9 9 0 0 0 0 0 0 0 0 0 0 0 0 0 0 0 0 0 9 9 9 1 1 1 1 1 1 1 9 9 9 9 1 1 1 1 1 1 1 1 1 1 1 1 1 1 1 1 1 1 1 1 1 1 1 9 9 0 0 0 0 0 0 0 9 1 1 1
1 1 1 1 1 9 0 0 0 0 0 9 1 1 9 0 0 0 0 0 49 0 0 9 1 1 1 9 0 0 0 0 0 0 0 0 0 0 0 0 0 0 0 0 0 0 0 0 0 0 0 9 1 1 9 0 0 9 9 9 1 1 1 1 1 1 1 1 1 1 1 1 1 9 9 0 0 0 0 0 9 1 1 1 1 1 1 1 1 1 1 1 1 1 1 1 1 1 1 1 9 0 0 0 0 0 9 1 1 9 0 0 0 0 0 0 0 0 0 0 9 1 1 1 1 9 9 9 0 0 0 0 0 52 0 0 0 0 0 9 9 1 1 1 9 9 0 0 0 0 0 0 0 0 0 0 0 0 0 0 0 0 0 0 0 0 0 0 46 0 0 0 0 0 9 9 9 9 9 9 1 1 1 9 0 0 0 0 0 0 0 0 0 53 9 1 1 1 1 1 9 9 0 0 0 0 0 0 0 0 0 0 0 0 0 0 0 0 0 9 9 1 1 1 1 1 1 1 1 1 1 1 9 9 0 0 0 0 192 0 0 0 0 0 0 0 0 0 0 0 9 1 1 1 1 1 1 1 9 9 9 0 0 9 9 9 1 1 1 1 1 1 1 1 1 1 1 1 1 1 1 1 1 1 1 1 1 1 9 0 0 0 0 0 0 0 9 1 1 1
1 1 1 1 1 9 0 0 0 0 0 9 1 1 9 0 0 0 0 0 49 49 49 9 1 1 1 9 0 0 0 0 0 0 0 0 0 0 0 0 0 0 0 0 0 0 0 0 0 0 0 9 1 1 9 0 0 9 1 1 1 1 1 1 1 1 1 1 1 1 1 1 1 1 9 9 0 0 0 0 9 9 1 1 1 1 1 1 1 1 1 1 1 1 1 1 1 1 1 1 9 0 0 0 0 0 9 1 1 9 0 0 0 0 0 0 0 0 0 0 9 9 1 1 1 1 1 9 9 0 0 0 0 52 52 0 0 0 0 0 9 1 1 1 1 9 0 0 0 0 0 0 0 0 0 0 0 0 0 0 0 0 0 0 0 0 0 0 46 0 0 0 0 0 9 1 1 1 1 1 1 1 9 9 0 0 0 0 0 0 0 0 0 9 9 1 1 1 9 9 9 0 0 0 0 0 0 0 0 0 0 0 0 0 0 0 0 0 0 0 9 9 1 1 1 1 1 1 1 1 1 1 1 9 9 0 0 1 1 0 0 0 0 0 0 0 0 0 9 9 9 1 1 1 1 9 9 9 9 0 0 0 0 0 55 9 1 1 1 1 1 1 1 1 1 1 1 1 1 1 1 1 1 1 1 1 1 1 9 0 0 0 0 0 0 0 9 1 1 1
1 1 1 1 1 9 0 0 0 0 0 9 9 9 9 0 0 0 0 0 0 0 0 9 9 1 1 9 0 0 0 0 0 0 0 0 0 0 0 0 0 0 0 0 0 0 0 0 0 0 0 9 1 1 9 0 202 9 1 1 1 1 1 1 1 1 1 1 1 1 1 1 1 1 1 9 0 0 0 0 0 9 1 1 1 1 1 1 1 1 1 1 1 1 1 1 1 1 1 1 9 0 0 0 0 0 9 1 1 9 0 0 1 0 0 0 0 0 0 0 0 9 9 1 1 1 1 1 9 9 0 0 0 0 52 0 0 192 0 0 9 9 1 1 1 9 9 0 0 0 0 0 0 0 0 0 0 0 0 0 0 0 0 0 0 0 0 0 46 0 0 0 0 9 9 1 1 1 1 1 1 1 9 0 0 0 0 0 0 0 0 0 9 9 1 1 1 9 9 0 0 0 0 0 0 0 0 0 0 0 0 0 0 0 0 0 0 0 0 0 0 9 9 1 1 1 1 1 1 1 1 1 1 1 9 0 0 0 0 0 0 9 9 9 9 9 9 9 9 1 1 1 1 9 9 9 0 0 0 0 0 0 0 0 55 9 9 1 1 1 1 1 1 1 1 1 1 1 1 1 1 1 1 1 1 1 1 1 9 0 0 0 0 0 0 9 9 1 1 1
1 1 1 1 1 9 0 0 0 0 0 0 0 0 0 0 0 0 0 0 0 0 9 9 9 1 1 9 0 0 0 0 0 0 0 0 0 0 0 0 0 0 0 0 0 0 0 0 0 0 0 9 1 1 9 0 0 9 1 1 1 1 1 1 1 1 1 1 1 1 1 1 1 1 1 9 9 0 0 0 0 9 1 1 1 1 1 1 1 1 1 1 1 1 1 1 1 1 1 1 9 0 0 0 0 0 9 1 1 9 0 0 1 192 0 0 0 0 0 0 0 0 9 9 9 1 1 1 1 9 0 0 0 0 52 0 0 1 1 0 0 9 9 1 1 1 9 9 0 0 0 0 0 0 0 0 0 0 0 0 0 0 0 0 0 0 0 0 46 0 0 0 9 9 1 1 1 9 9 9 9 9 9 0 0 0 0 0 0 0 0 0 9 1 1 1 1 9 0 0 0 0 0 0 0 0 0 0 0 0 0 0 0 0 0 0 0 0 0 0 0 0 9 9 1 1 1 1 1 1 1 1 1 1 9 9 0 0 0 0 9 9 1 1 1 1 1 1 1 1 1 1 1 9 0 0 0 0 0 0 0 0 0 0 55 0 9 9 1 1 1 1 1 1 1 1 1 1 1 1 1 1 1 1 1 1 1 1 9 0 0 0 0 9 9 9 1 1 1 1
1 1 1 1 1 9 0 0 0 0 0 0 0 0 0 0 0 0 0 0 0 0 9 1 1 1 1 9 0 0 0 0 0 0 0 0 0 0 0 0 0 0 0 0 0 0 0 0 0 0 0 9 1 1 9 9 0 9 1 1 1 1 9 9 9 9 9 9 9 9 9 9 9 1 1 1 9 0 0 0 0 9 9 1 1 1 1 1 1 1 1 1 1 1 1 1 1 1 1 1 9 0 0 0 0 0 9 1 1 9 0 0 1 1 0 0 0 0 0 0 0 0 0 0 9 9 1 1 1 9 9 9 0 0 52 0 0 0 0 0 0 0 9 1 1 1 1 9 0 0 0 0 0 0 0 0 0 0 0 0 0 0 0 192 0 0 0 0 46 0 0 0 9 1 1 1 1 9 0 0 0 0 0 0 0 0 0 0 0 0 0 0 9 1 1 1 9 9 0 0 0 0 0 0 0 0 192 0 0 0 0 0 0 0 0 0 0 0 0 0 0 0 0 9 1 1 1 1 1 1 1 1 1 1 1 9 9 0 0 0 9 1 1 1 1 1 1 1 1 1 1 9 9 9 0 0 0 0 0 0 0 0 0 0 55 0 0 9 9 1 1 1 1 1 1 1 1 1 1 1 1 1 1 1 1 1 1 1 9 0 0 0 9 9 1 1 1 1 1 1
1 1 1 1 1 9 0 0 192 0 0 0 0 0 0 0 0 0 0 0 0 9 9 1 1 1 1 9 0 0 0 0 0 0 9 9 9 9 9 9 9 9 9 9 9 0 0 0 0 0 0 9 1 1 1 9 9 9 1 1 9 9 9 0 0 0 0 0 0 0 0 0 9 1 1 1 9 9 0 0 0 0 9 9 1 1 1 1 1 1 1 1 1 1 1 1 1 1 1 1 9 0 0 0 0 0 9 1 1 9 0 0 0 0 0 0 0 0 0 0 0 0 0 0 0 9 9 1 1 1 1 9 9 0 52 0 0 0 0 0 0 0 9 9 1 1 1 9 9 0 0 0 0 0 0 0 0 0 0 0 0 0 1 1 1 0 1 0 46 0 0 0 9 1 1 1 9 9 0 0 0 0 0 0 0 0 0 0 0 0 0 9 9 1 1 9 9 0 0 0 0 0 0 0 0 0 1 0 0 0 0 0 0 0 0 0 0 0 0 0 0 0 0 9 9 1 1 1 1 1 1 1 1 1 1 1 9 9 9 9 9 1 1 1 1 1 1 1 1 1 1 9 0 0 0 0 0 0 0 0 9 9 9 0 55 0 0 0 9 9 9 1 1 1 1 1 1 1 1 1 1 1 1 1 1 1 1 1 9 0 0 0 9 1 1 1 1 1 1 1
1 1 1 1 1 9 1 1 1 1 1 0 0 0 0 0 0 0 0 0 0 9 1 1 1 9 9 9 0 0 0 0 0 0 9 1 1 1 1 1 1 1 1 1 9 9 9 9 0 0 0 9 1 1 1 9 9 1 1 1 9 0 0 0 0 0 0 0 0 1 0 0 9 9 1 1 1 9 0 0 0 0 0 9 1 1 1 1 1 1 1 1 1 1 1 1 1 1 1 1 9 0 0 0 0 0 9 1 1 9 0 0 0 0 0 0 0 0 0 0 0 0 0 0 0 0 9 1 1 1 1 1 9 9 52 0 0 0 0 0 0 0 0 9 9 1 1 1 9 9 9 9 0 0 0 0 0 0 0 0 0 0 0 0 0 0 0 0 46 0 0 9 9 1 1 9 9 0 0 0 0 0 0 0 0 0 0 0 0 0 9 9 1 1 1 9 0 0 0 0 0 0 0 0 0 0 1 0 0 0 0 0 0 0 0 0 0 0 0 0 0 0 0 0 9 9 1 1 1 1 1 1 1 1 1 1 1 1 1 1 1 1 1 1 1 1 1 1 1 9 9 9 0 0 0 0 0 0 0 0 9 1 9 0 55 0 0 0 0 0 9 9 1 1 1 1 1 1 1 1 1 1 1 1 1 1 1 1 9 0 0 0 9 1 1 1 1 1 1 1
1 1 1 1 1 9 0 0 0 0 1 0 0 0 0 0 0 0 0 0 0 9 1 1 1 9 0 0 0 0 0 0 0 0 9 1 1 1 1 1 1 1 1 1 1 1 1 9 9 0 0 9 9 1 1 1 1 1 1 1 9 0 0 0 0 0 0 0 192 1 0 0 0 9 1 1 1 9 9 0 0 0 0 9 9 1 1 1 1 1 1 1 1 1 1 1 1 1 1 1 9 0 0 0 0 0 9 1 1 9 0 0 0 0 0 0 0 0 0 0 0 0 0 0 0 0 9 9 9 1 1 1 1 9 9 9 0 0 0 0 0 0 0 0 9 1 1 1 1 1 1 9 9 9 9 9 9 9 9 9 9 9 9 9 9 0 0 0 46 0 9 9 1 1 1 9 0 0 0 0 0 0 0 0 0 0 0 0 0 9 9 1 1 1 1 9 0 0 0 0 0 0 0 0 0 0 1 0 0 0 0 0 0 0 0 0 0 0 0 0 0 0 0 0 0 9 9 9 1 1 1 1 1 1 1 1 1 1 1 1 1 1 1 1 1 1 1 1 9 9 0 0 0 0 0 0 0 0 0 0 9 1 9 0 55 0 0 0 0 0 0 9 9 1 1 1 1 1 1 1 1 1 1 1 1 1 1 9 9 0 0 0 9 1 1 1 1 1 1 1
1 1 1 1 1 9 0 0 0 0 0 0 0 0 0 0 0 0 0 0 0 9 1 1 9 9 0 0 0 0 0 0 0 0 9 1 1 1 1 1 1 1 1 1 1 1 1 1 9 0 0 0 9 1 1 1 1 1 1 9 9 0 0 0 0 1 1 1 1 1 0 0 0 9 9 1 1 1 9 0 0 0 0 0 9 1 1 1 1 1 1 1 1 1 1 1 1 1 1 1 9 0 0 0 0 0 9 1 1 9 0 0 0 0 0 0 0 0 0 0 0 0 0 0 0 0 0 0 9 9 1 1 1 1 1 9 0 0 0 0 0 0 0 0 9 9 1 1 1 1 1 1 1 1 1 1 1 1 1 1 1 1 1 1 9 9 9 9 9 9 9 1 1 1 1 9 0 0 0 0 0 0 0 0 0 0 0 0 9 9 1 1 1 1 9 9 0 0 0 0 0 0 0 0 0 0 1 0 0 0 0 0 0 0 0 0 0 0 0 0 0 0 0 0 0 0 0 9 9 1 1 1 1 1 1 1 1 1 1 1 1 1 1 1 1 1 9 9 9 0 0 0 0 0 0 0 0 0 0 0 9 1 9 0 55 0 0 0 0 0 0 0 9 9 9 1 1 1 1 1 1 1 1 1 1 1 1 9 0 0 0 9 9 1 1 1 1 1 1 1
1 1 1 1 1 9 0 0 0 0 0 0 0 0 0 0 0 0 192 0 0 9 1 1 9 0 0 0 0 0 0 0 0 0 9 9 1 1 1 1 1 1 1 1 1 1 1 1 9 0 0 0 9 9 9 9 9 9 9 9 0 0 0 0 0 0 0 0 0 0 0 0 0 0 9 1 1 1 9 9 0 0 0 0 9 9 1 1 1 1 1 1 1 1 1 1 1 1 1 1 9 0 0 0 0 0 9 1 1 9 0 0 0 0 0 0 0 0 0 0 0 0 0 0 0 0 0 0 0 9 9 1 1 1 1 9 0 0 0 0 0 0 0 0 0 9 9 9 9 1 1 1 1 1 1 1 1 1 1 1 1 1 1 1 1 1 1 1 1 1 1 1 1 1 9 9 0 0 0 0 0 0 0 0 0 0 0 9 9 1 1 1 1 9 9 0 0 0 0 0 0 0 0 0 0 0 1 0 0 0 0 0 0 0 0 0 0 0 0 0 0 0 0 0 0 0 0 0 9 9 9 1 1 1 1 1 1 1 1 1 1 1 1 1 1 9 9 0 0 0 0 0 0 0 0 0 0 0 0 0 9 1 9 55 55 0 0 0 0 0 0 0 0 0 9 9 1 1 1 1 1 1 1 1 1 1 1 9 0 0 0 9 1 1 1 1 1 1 1 1
1 1 1 1 1 9 0 0 0 0 0 0 0 0 0 0 0 1 1 0 0 9 1 1 9 0 0 0 0 0 0 0 0 0 0 9 1 1 1 1 1 1 1 1 1 1 1 1 9 0 0 0 0 0 0 0 0 0 57 0 0 0 0 0 0 0 0 0 0 0 0 0 0 0 9 1 1 1 1 9 0 0 0 0 0 9 9 9 1 1 1 1 1 1 1 1 1 1 1 1 9 0 0 0 0 0 9 1 1 9 0 0 0 0 0 0 9 9 9 9 9 9 9 0 0 0 0 0 0 0 9 9 9 1 1 9 0 0 0 0 0 0 0 0 0 0 0 0 9 9 9 9 9 9 9 9 9 9 9 9 9 9 1 1 1 1 1 1 1 1 1 1 1 9 9 0 0 0 0 0 0 0 0 0 0 0 9 9 1 1 1 1 9 9 0 0 0 0 0 0 0 0 0 0 0 0 0 0 0 0 0 0 1 1 1 1 192 0 0 0 0 0 0 0 0 0 0 0 0 0 9 9 1 1 1 1 1 1 1 1 1 1 1 1 9 9 0 0 0 0 0 0 0 0 0 0 0 0 0 0 9 1 9 55 0 0 0 0 0 0 0 0 0 0 0 9 9 1 1 1 1 9 9 9 9 9 9 9 0 0 0 9 1 1 1 1 1 1 1 1
1 1 1 1 1 9 0 0 0 0 0 0 0 0 0 0 0 0 0 0 9 9 1 1 9 0 0 0 0 0 0 0 0 0 0 9 1 1 1 1 1 1 1 1 1 1 1 1 9 0 0 0 0 0 0 0 0 0 57 0 0 0 0 0 0 0 0 0 0 0 0 0 0 0 9 9 1 1 1 9 0 0 0 0 0 0 0 9 9 9 1 1 1 1 1 1 1 1 1 1 9 0 0 0 0 0 9 1 1 9 0 0 0 0 0 0 9 1 1 1 1 1 9 9 0 0 0 0 0 0 0 0 9 1 1 9 9 0 0 0 0 0 0 0 0 0 0 0 0 0 0 0 0 0 0 0 0 0 0 0 0 9 9 9 9 9 9 9 9 9 9 9 9 9 0 0 0 0 0 0 0 0 0 0 0 9 9 1 1 1 1 9 9 56 0 0 0 0 0 0 0 0 0 0 0 0 0 0 0 0 0 0 0 0 0 0 1 0 0 0 0 0 0 0 0 0 0 0 0 0 0 9 9 9 9 9 9 9 9 9 9 9 9 9 9 0 0 0 0 0 0 0 0 0 0 0 0 0 0 0 9 9 9 55 0 0 0 0 0 0 0 0 0 0 0 0 9 9 1 1 9 9 0 0 0 0 0 0 0 0 0 9 9 1 1 1 1 1 1 1
1 1 1 1 1 9 0 0 0 0 0 0 0 0 0 0 0 0 9 9 9 1 1 1 9 0 0 0 0 0 9 9 9 9 9 9 1 1 1 1 1 1 1 1 1 1 1 1 9 0 0 0 0 0 0 0 0 0 57 0 0 0 0 0 0 0 0 0 0 0 0 0 0 0 0 9 1 1 1 9 0 0 0 0 0 0 0 0 0 9 9 9 9 9 9 9 9 9 9 9 9 0 0 0 0 0 9 1 1 9 0 0 0 0 0 0 9 1 1 1 1 1 1 9 0 0 0 0 0 0 0 0 9 1 1 1 9 0 0 0 0 0 0 0 0 0 0 0 0 0 0 0 0 0 0 0 0 0 0 0 0 0 0 0 0 0 0 0 0 0 0 0 0 0 0 0 0 0 0 0 0 0 0 9 9 9 1 1 1 1 9 9 0 56 0 0 0 0 0 0 0 0 0 0 0 0 0 0 0 0 0 0 0 0 0 0 0 0 0 0 0 0 0 0 0 0 0 0 0 0 0 0 0 0 0 0 0 0 0 0 0 0 0 0 0 0 0 0 0 0 0 0 0 0 0 9 9 9 0 0 0 0 0 55 0 0 0 0 0 0 0 0 0 0 0 0 0 9 9 9 9 0 0 0 0 0 0 0 0 0 0 0 9 1 1 1 1 1 1 1
1 1 1 1 1 9 0 9 9 9 9 9 0 9 9 9 9 9 9 1 1 1 1 1 9 0 0 0 0 0 9 1 1 1 9 9 1 1 1 1 1 1 1 1 1 1 1 1 9 9 0 0 0 0 0 0 0 0 57 0 0 0 0 0 0 0 0 0 0 0 0 0 0 0 0 9 9 1 1 9 0 0 0 0 0 0 0 0 0 0 0 0 0 0 0 51 0 0 0 0 0 0 0 0 192 0 9 1 1 9 0 0 0 0 0 9 9 1 1 1 1 1 1 9 0 0 0 0 0 0 192 0 9 1 1 1 9 0 0 0 0 0 0 0 0 0 0 0 0 0 0 0 0 0 0 0 0 0 0 0 0 0 0 0 0 0 0 0 0 192 1 0 0 0 0 0 0 0 0 0 0 9 9 9 1 1 1 1 1 9 9 0 0 56 0 0 0 0 0 0 0 0 0 0 0 0 0 0 0 0 0 0 0 0 0 0 0 0 0 0 0 0 0 0 0 0 0 0 0 0 0 0 0 0 0 0 0 0 0 0 0 0 0 0 0 0 0 0 0 0 0 0 0 0 0 9 1 9 0 0 0 0 0 55 0 0 192 1 0 0 0 0 0 0 0 0 0 0 0 0 0 0 0 0 0 0 0 0 0 0 192 0 9 1 1 1 1 1 1 1
1 1 1 1 1 9 9 9 1 1 1 9 9 9 1 1 1 1 1 1 1 1 1 9 9 0 0 0 0 0 9 1 9 9 9 9 9 1 1 1 1 1 1 1 1 1 1 1 1 9 0 0 0 0 0 0 0 0 57 0 0 0 0 0 0 0 0 0 0 0 0 0 0 0 0 0 9 1 1 9 9 9 0 0 192 0 0 0 0 0 0 0 0 0 0 51 0 0 0 0 0 0 0 0 1 0 9 1 1 9 0 0 0 0 0 9 1 1 1 1 1 1 1 9 0 0 0 0 0 1 1 1 9 9 1 1 9 0 0 0 0 0 0 0 0 0 0 0 0 0 0 0 0 0 0 0 0 0 0 0 0 0 0 0 0 0 0 0 0 1 1 0 0 0 0 0 0 0 0 0 9 9 1 1 1 1 1 1 9 9 0 0 0 56 0 0 0 0 0 0 0 0 0 9 9 9 9 9 9 9 9 9 9 9 9 9 9 9 9 9 9 9 9 9 0 0 0 0 0 0 0 0 0 0 0 0 0 0 0 0 0 0 0 0 0 0 0 0 0 0 0 0 0 0 0 9 1 9 0 0 0 0 0 55 0 1 1 1 0 0 0 0 0 0 0 0 192 0 0 0 0 0 0 0 0 0 0 0 0 1 1 1 9 1 1 1 1 1 1 1
1 1 1 1 1 1 1 1 1 1 1 1 1 1 1 1 1 1 1 1 1 9 9 9 0 0 0 0 0 0 9 1 9 0 0 0 9 1 1 1 1 1 1 1 1 1 1 1 1 9 9 9 9 9 9 9 9 9 9 9 9 9 9 0 0 0 0 0 0 0 0 0 0 0 0 0 9 1 1 1 1 9 0 1 1 1 0 0 0 0 0 0 0 0 0 51 0 0 0 0 0 0 0 0 0 0 9 1 1 9 0 0 0 0 0 9 1 1 1 1 1 1 1 9 0 0 0 0 0 0 0 0 9 9 1 1 9 0 0 1 192 0 0 0 0 0 0 0 0 0 0 0 0 0 0 0 0 0 0 0 0 0 0 0 0 0 0 0 0 0 0 0 0 0 0 0 0 0 9 9 9 1 1 1 1 1 9 9 9 0 0 0 0 56 0 0 0 0 0 0 0 0 9 9 1 1 1 1 1 1 1 1 1 1 1 1 1 1 1 1 1 1 1 9 9 9 0 0 0 0 0 0 0 0 0 0 0 0 0 0 0 0 0 0 0 0 0 0 0 0 0 0 0 0 0 9 1 9 0 0 0 0 0 55 0 0 0 0 0 0 0 0 0 0 0 0 1 1 0 0 0 0 0 0 0 0 0 0 0 0 0 0 9 9 1 1 1 1 1 1
1 1 1 1 1 1 1 1 1 1 1 1 1 1 1 1 1 1 9 9 9 9 0 0 0 0 0 0 0 0 9 1 9 0 0 0 9 9 1 1 1 1 1 1 1 1 1 1 1 1 1 1 1 1 1 1 1 1 1 1 1 1 9 9 9 9 9 0 0 0 0 0 0 0 0 0 9 1 1 1 1 9 0 0 0 0 0 0 0 0 0 0 0 0 0 51 0 0 0 0 0 0 1 0 0 0 9 1 1 9 0 0 0 0 0 9 1 1 1 1 1 1 9 9 0 0 0 0 0 0 0 0 9 1 1 1 9 0 0 1 1 1 0 0 0 0 0 0 0 0 0 0 0 0 0 0 0 0 0 0 0 0 0 0 0 0 0 0 0 0 0 0 0 0 0 0 0 9 9 1 1 1 1 1 9 9 9 0 0 0 0 0 0 56 0 0 0 9 9 9 9 9 9 1 1 1 1 1 1 1 1 1 1 1 1 1 1 1 1 1 1 1 1 1 1 9 9 9 9 0 0 0 0 0 0 0 0 0 0 0 0 0 0 0 0 0 0 0 0 0 0 0 0 0 0 9 9 9 0 0 0 0 0 55 0 0 0 0 9 9 9 9 9 9 0 0 0 1 0 0 0 0 0 0 0 0 0 0 0 0 0 0 9 9 1 1 1 1 1 1
1 1 1 1 1 9 9 9 9 9 9 1 1 1 9 9 9 9 9 0 0 0 0 0 0 0 0 0 0 0 9 1 9 0 0 0 0 9 9 1 1 1 1 1 1 1 1 1 1 1 1 1 1 1 1 1 1 1 1 1 1 1 1 1 1 1 9 9 0 0 0 0 0 0 0 0 9 9 9 1 1 9 0 0 0 0 192 0 0 0 0 0 0 0 0 51 0 0 0 0 0 0 0 0 0 0 9 1 1 9 0 0 0 0 0 9 1 1 1 1 1 1 9 0 0 0 0 0 0 0 0 0 9 1 1 1 9 0 0 0 0 0 0 0 0 0 0 0 0 0 0 0 0 0 0 0 0 0 0 0 0 0 0 0 0 0 0 0 0 0 0 0 0 0 0 0 9 9 1 1 1 1 1 9 9 0 0 0 0 0 0 0 0 56 0 0 9 9 1 1 1 1 1 1 1 1 1 9 9 9 9 9 9 9 9 9 9 9 9 9 9 1 1 1 1 1 1 1 9 9 0 0 0 0 0 0 1 192 0 0 0 0 0 0 0 0 0 0 0 0 0 0 0 0 0 0 0 0 0 0 0 9 9 9 9 9 9 9 9 1 1 1 1 9 9 9 9 9 9 9 9 9 9 9 9 9 9 9 9 9 9 9 9 1 1 1 1 1 1 1
1 1 1 1 1 9 0 0 0 0 9 9 9 9 9 0 0 0 0 0 0 0 0 0 0 0 0 0 0 0 9 1 9 0 0 0 0 0 9 9 1 1 1 1 1 1 1 1 1 1 1 1 1 1 1 1 1 1 1 1 1 1 1 1 1 1 1 9 0 0 0 0 0 0 0 0 0 0 9 1 1 9 0 0 0 1 1 1 0 0 0 0 0 0 0 51 0 0 0 0 0 0 9 9 9 9 9 1 1 9 0 0 0 0 9 9 1 1 1 1 1 1 9 0 0 0 0 0 0 0 0 0 9 1 1 1 9 0 0 0 0 0 0 0 0 0 0 0 0 0 0 0 0 0 0 0 0 0 0 0 0 0 0 0 0 0 0 0 0 0 0 0 0 0 0 9 9 1 1 1 1 9 9 9 0 0 0 0 0 0 0 0 0 56 0 0 9 1 1 1 1 1 1 1 1 1 9 9 0 0 0 0 0 0 0 0 0 0 0 0 9 9 9 1 1 1 1 1 1 9 9 0 0 0 0 0 0 1 0 0 0 0 0 0 0 0 0 0 0 0 0 0 1 192 0 0 0 0 0 0 0 9 1 1 1 1 1 1 1 1 1 1 1 1 1 1 1 1 1 1 1 1 1 1 1 1 1 1 1 1 1 1 1 1 1 1 1 1 1 1
1 1 1 1 1 9 0 0 0 0 0 0 0 0 0 0 0 0 0 0 0 0 0 0 0 0 0 0 0 0 9 1 9 0 0 0 0 0 0 9 1 1 1 1 1 1 1 1 1 1 1 1 1 1 1 1 1 1 1 1 1 1 1 1 1 1 1 9 0 0 0 0 0 0 0 0 0 0 9 1 1 9 0 0 0 0 0 0 0 0 0 0 0 0 0 51 0 0 0 0 0 9 9 1 1 1 1 1 1 9 0 0 0 0 9 1 1 1 1 1 1 1 9 0 0 0 0 0 0 0 0 0 9 1 1 1 9 9 9 9 9 9 9 9 9 9 9 9 9 9 9 9 9 9 9 9 9 9 9 0 0 0 0 0 0 0 0 0 0 0 0 0 0 0 9 9 1 1 1 1 9 9 0 0 0 0 0 0 0 192 1 1 1 56 0 9 9 1 1 1 9 9 9 9 9 9 9 0 0 0 0 0 0 0 0 0 0 0 0 0 0 0 9 9 9 9 1 1 1 1 9 9 9 0 0 0 0 0 0 0 0 0 0 0 0 0 0 0 0 0 0 0 0 1 1 0 0 0 0 0 9 9 1 1 1 1 1 1 1 1 1 1 1 1 1 1 1 1 1 1 1 1 1 1 1 1 1 1 1 1 1 1 1 1 1 1 1 1 1 1
1 1 1 1 1 9 0 1 0 0 0 0 0 0 0 0 0 0 0 0 0 0 0 0 0 0 0 0 0 0 9 1 9 0 0 0 0 0 0 9 9 1 1 1 1 1 1 1 1 1 1 1 1 1 1 1 1 1 1 1 1 1 1 1 1 1 1 9 0 0 0 0 0 0 0 0 0 0 9 1 1 9 0 0 0 0 0 0 0 0 0 0 0 0 0 51 0 0 0 0 9 9 1 1 1 1 1 1 1 9 0 0 0 0 9 1 1 1 9 9 1 1 9 9 9 9 9 9 0 0 0 0 9 1 1 1 1 1 1 1 1 1 1 1 1 1 1 1 1 1 1 1 1 1 1 1 1 1 9 9 9 9 9 9 9 9 9 9 9 9 9 9 9 9 9 1 1 1 1 9 9 0 0 0 0 0 0 0 0 1 0 0 9 9 9 9 1 1 1 9 9 0 0 0 0 0 0 0 0 0 0 0 0 0 0 0 0 0 9 9 9 0 0 0 0 9 9 1 1 1 1 1 9 9 9 0 0 0 0 0 0 0 0 0 0 0 0 0 0 0 0 0 0 0 0 0 0 0 0 9 9 1 1 1 9 9 9 9 9 9 9 9 9 9 9 9 9 9 9 9 9 9 9 9 9 9 9 9 9 9 9 9 9 1 1 1 1 1 1 1
1 1 1 1 1 9 0 1 192 0 0 0 0 0 0 0 0 0 0 0 0 0 0 0 0 0 0 0 0 0 9 9 9 0 0 0 0 0 199 0 9 1 1 1 1 1 1 1 1 1 1 1 1 1 1 1 1 1 1 1 1 1 1 1 1 1 1 9 9 0 0 0 0 0 0 0 0 0 9 1 1 9 9 0 0 0 0 0 0 0 0 0 0 0 0 51 0 0 0 9 9 1 1 1 1 9 9 9 9 9 0 0 0 0 9 1 1 9 9 9 1 1 1 1 1 1 1 9 0 0 0 0 9 1 1 1 1 1 1 1 1 1 1 1 1 1 1 1 1 1 1 1 1 1 1 1 1 1 1 1 1 1 1 1 1 1 1 1 1 1 1 1 1 1 1 1 1 1 9 9 0 0 0 0 0 0 0 0 1 0 9 9 9 1 1 1 1 1 1 9 0 0 0 0 0 0 0 0 0 0 0 0 0 0 0 0 0 0 9 1 9 0 0 0 0 0 9 9 1 1 1 1 1 1 9 9 0 0 0 0 0 0 0 0 0 0 0 0 0 0 0 0 0 0 0 9 9 9 9 9 1 1 1 1 9 0 0 0 0 0 0 0 0 0 0 0 0 0 0 0 0 0 0 0 0 0 0 0 0 0 0 0 9 9 1 1 1 1 1 1
1 1 1 1 1 9 0 1 1 0 0 0 0 0 0 0 0 0 0 0 0 0 0 0 0 0 0 0 0 0 0 0 0 0 0 0 0 0 0 0 9 1 1 1 1 1 1 1 1 1 1 1 1 1 1 1 1 1 1 1 1 1 1 1 1 1 1 1 9 0 0 0 0 0 0 0 0 0 9 1 1 1 9 9 9 9 9 9 9 9 9 9 9 9 9 9 9 9 9 9 1 1 1 1 9 9 0 0 0 0 0 0 0 0 9 1 1 9 0 9 1 1 1 1 1 1 1 9 0 0 0 0 9 1 1 1 1 1 1 1 1 9 9 1 1 1 9 9 9 9 9 9 9 9 9 9 1 1 1 1 1 1 1 1 1 1 1 1 1 1 1 1 1 1 1 1 1 9 9 0 0 0 0 0 0 0 0 0 0 9 9 1 1 1 1 1 1 1 9 9 0 0 0 0 0 0 0 0 0 0 0 0 0 0 0 0 0 0 9 1 9 0 0 0 0 0 0 9 9 9 1 1 1 1 1 9 9 9 9 9 9 9 9 9 9 9 9 9 9 9 9 9 9 9 9 9 1 1 1 1 1 1 1 9 9 0 0 0 0 0 0 0 0 0 0 0 0 0 0 0 0 0 0 0 0 0 0 0 0 0 0 0 0 9 9 1 1 1 1 1
1 1 1 1 1 9 0 0 0 0 0 0 0 0 0 0 0 0 0 0 0 192 0 0 0 0 0 0 0 0 0 0 0 192 1 1 1 0 0 9 9 1 1 1 1 1 1 1 1 1 1 1 1 1 1 1 1 1 1 1 1 1 1 1 1 1 1 1 9 0 0 0 0 0 0 0 0 0 9 1 1 1 1 1 1 1 1 1 9 9 1 1 1 1 1 1 1 1 1 1 1 1 1 9 9 0 0 0 0 0 0 0 0 9 9 1 1 9 0 9 9 9 9 9 9 1 1 9 0 0 0 0 9 1 1 1 1 9 9 9 9 9 9 9 9 9 9 0 0 0 0 0 0 0 0 9 9 9 9 9 9 9 9 9 9 9 9 9 9 9 9 9 9 9 9 9 9 9 0 0 0 0 0 0 0 0 0 9 9 9 1 1 1 1 1 9 9 9 9 0 0 0 0 0 0 0 0 0 0 0 0 0 0 0 0 0 0 0 9 1 9 0 0 0 0 0 0 0 0 9 9 9 1 1 1 1 1 1 1 1 1 1 1 1 1 1 1 1 1 1 1 1 1 1 1 1 1 1 1 1 1 1 9 9 0 0 0 0 0 0 0 0 0 0 0 0 0 0 0 0 0 0 0 0 0 0 0 0 0 0 0 1 0 0 9 1 1 1 1 1
1 1 1 1 1 9 9 0 0 0 0 0 0 0 0 0 0 0 0 0 1 1 0 0 0 0 0 0 0 0 0 0 0 1 1 0 0 9 9 9 1 1 1 1 1 1 1 1 1 1 1 1 1 1 1 1 1 1 1 1 1 1 1 1 1 1 1 1 9 9 0 1 192 0 0 0 0 0 9 9 1 1 1 1 1 1 1 1 1 1 1 1 1 1 1 1 1 1 1 1 1 1 9 9 0 0 0 0 0 0 0 0 0 9 1 1 1 9 0 0 0 0 0 0 9 1 1 9 0 0 0 0 9 9 9 9 9 9 0 0 0 0 0 0 0 0 0 0 0 0 0 0 0 0 0 0 0 0 0 0 0 0 0 0 0 0 0 0 0 0 0 0 0 0 0 0 0 0 0 0 0 0 0 0 0 0 0 9 1 1 1 1 1 9 9 9 0 0 0 0 0 0 0 0 0 0 0 0 0 0 0 0 0 0 0 0 0 9 9 1 9 0 0 0 0 0 0 0 0 0 0 9 9 1 1 1 1 1 1 1 1 1 1 1 1 1 1 1 1 1 1 1 1 1 1 1 1 1 1 1 9 9 9 0 0 0 0 0 0 0 0 0 0 0 0 0 0 0 0 0 0 0 0 0 0 0 0 0 0 0 192 1 0 0 9 1 1 1 1 1
1 1 1 1 1 1 9 0 0 0 0 0 0 0 0 0 0 0 0 0 0 0 0 0 0 0 0 0 0 0 0 0 0 0 0 9 9 9 1 1 1 1 1 1 1 1 1 1 1 1 1 1 1 1 1 1 1 1 1 1 1 1 1 1 1 1 1 1 1 9 0 1 1 1 0 0 0 0 0 9 9 9 1 1 1 1 1 1 1 1 1 1 1 1 1 1 1 1 1 9 9 9 9 0 0 0 0 0 0 0 0 0 0 9 1 1 1 9 0 0 0 0 0 0 9 1 1 9 0 0 0 0 0 0 0 0 0 0 0 0 0 0 0 0 0 0 0 0 0 0 0 0 0 0 0 0 0 0 0 0 0 0 0 0 0 0 0 0 0 0 0 0 0 0 0 0 0 0 0 0 0 0 0 0 0 0 9 9 1 1 1 1 9 9 0 0 0 0 0 0 0 0 0 0 0 0 0 0 0 0 0 0 0 0 0 0 0 9 1 9 9 0 0 0 0 0 0 0 0 0 0 0 9 9 9 9 9 9 9 9 9 9 9 9 9 1 1 1 1 1 1 1 1 1 1 1 1 1 1 1 9 0 0 0 0 0 0 0 0 0 0 0 0 0 0 0 0 0 0 0 0 0 0 0 0 0 0 0 0 0 1 1 0 0 9 9 9 1 1 1
1 1 1 1 1 1 9 0 0 0 0 0 0 0 0 0 0 0 0 0 0 0 0 0 9 9 9 9 9 0 0 0 0 0 9 9 1 1 1 1 1 1 1 1 1 1 1 1 1 1 1 1 1 1 1 1 1 1 1 1 1 1 1 1 1 1 1 1 1 9 9 9 9 9 9 0 0 0 0 0 0 9 9 9 9 9 9 9 9 9 9 9 9 9 9 9 9 9 9 9 0 0 0 0 0 0 0 0 0 0 0 0 0 9 1 1 9 9 0 0 0 0 0 1 9 1 1 9 0 0 0 0 0 0 0 0 0 0 0 0 0 0 0 0 0 0 0 0 0 0 0 0 0 0 0 0 0 0 0 0 0 0 0 0 0 0 0 0 0 0 0 0 0 0 0 0 0 0 0 0 0 0 0 0 0 9 9 1 1 1 9 9 9 0 0 0 0 0 0 0 0 0 0 0 0 0 0 0 0 0 0 0 0 0 0 9 9 9 1 9 0 0 0 0 0 0 0 0 0 0 0 0 59 0 0 0 0 0 0 0 0 0 0 0 9 9 9 1 1 1 1 1 1 1 1 1 1 1 1 1 9 0 0 0 0 0 0 0 0 0 0 0 0 0 0 0 0 0 0 0 0 0 0 0 0 0 0 0 0 0 0 0 0 0 0 0 9 1 1 1
1 1 1 1 1 1 9 0 0 0 0 0 0 9 9 9 9 9 9 9 9 9 9 9 9 1 1 1 9 9 9 9 9 9 9 1 1 1 1 1 1 1 1 1 1 1 1 1 1 1 1 1 1 1 1 1 1 1 1 1 1 1 1 1 1 1 1 1 1 1 1 1 1 1 9 0 0 0 0 0 0 0 0 0 0 0 0 0 0 0 192 0 0 0 0 0 0 0 0 0 0 0 0 0 0 0 0 0 0 0 0 0 9 9 1 1 9 0 0 0 0 0 192 1 9 1 1 9 0 0 0 0 0 0 0 0 0 0 0 0 0 0 0 0 0 0 0 0 0 0 0 0 0 0 0 0 0 0 0 0 0 0 0 0 0 0 0 0 0 0 0 0 0 0 0 0 0 0 0 0 0 0 0 0 9 9 1 1 1 1 9 0 0 0 0 0 0 0 0 0 0 0 0 0 0 0 0 0 0 0 0 0 0 0 0 9 1 1 9 9 0 0 0 0 0 0 0 0 0 0 0 0 59 0 0 0 0 0 0 0 0 0 0 0 0 0 9 9 9 1 1 1 1 1 1 1 1 1 1 1 9 0 1 192 0 0 0 0 0 0 0 0 0 0 0 0 0 0 0 0 0 0 0 0 0 0 0 0 0 0 0 0 0 0 0 0 9 1 1 1
1 1 1 1 1 1 9 0 0 0 0 0 9 9 1 1 9 9 1 1 1 1 1 1 1 1 1 1 1 1 1 1 1 1 1 1 1 1 1 1 1 1 1 1 1 1 1 1 1 1 1 1 1 1 1 1 1 1 1 1 1 1 1 1 1 1 1 1 1 1 1 1 1 1 9 0 0 0 0 0 0 0 0 0 0 0 0 0 0 1 1 1 0 0 0 0 0 0 0 0 0 0 0 0 0 0 0 0 0 192 1 0 9 1 1 1 9 0 0 0 0 1 1 1 9 1 1 9 0 0 0 0 0 0 0 0 0 0 0 0 0 0 0 192 0 0 0 0 0 0 0 0 0 0 0 0 0 0 0 0 0 192 0 0 0 0 0 0 0 0 0 0 0 0 0 0 0 0 0 192 1 0 0 0 9 1 1 1 1 9 9 0 0 0 0 0 0 0 0 0 0 0 0 0 0 0 0 0 0 0 0 0 0 0 0 9 9 9 9 0 0 0 0 0 0 0 0 0 0 0 0 59 59 0 0 0 0 0 0 0 0 192 0 0 0 0 0 0 9 9 1 1 1 1 1 1 1 1 1 1 9 0 1 1 0 0 0 0 0 0 0 0 0 0 0 0 0 0 0 0 0 0 0 0 0 0 0 0 0 0 0 0 0 0 0 0 9 1 1 1
1 1 1 1 1 9 9 0 0 0 0 0 9 1 1 1 1 1 1 1 1 1 1 1 1 1 1 1 1 1 1 1 1 1 1 1 1 1 1 1 1 1 1 1 1 1 1 1 1 1 1 1 1 1 1 1 1 1 1 1 1 1 1 1 1 1 1 1 1 1 1 1 1 1 9 9 0 0 0 0 0 0 0 0 0 0 0 0 0 0 0 0 0 0 0 0 0 0 0 0 0 0 0 0 0 0 0 0 0 1 1 9 9 1 1 1 9 0 0 0 0 0 0 0 9 1 1 9 0 0 0 0 0 0 0 0 0 0 0 0 0 0 0 1 0 0 0 0 0 0 0 0 0 0 0 0 0 0 0 0 1 1 1 1 0 0 0 0 0 0 0 0 0 0 0 0 0 0 1 1 1 0 0 9 9 1 1 1 9 9 0 0 0 0 1 1 192 192 0 0 0 0 0 0 0 0 0 0 0 0 0 0 0 0 0 0 0 0 0 0 0 0 0 0 0 0 0 0 0 0 0 59 0 0 0 0 0 0 0 0 0 0 0 0 0 0 0 0 0 9 9 1 1 1 1 1 1 1 1 1 9 0 0 0 0 0 0 0 9 9 9 9 9 9 9 9 9 9 9 9 9 9 9 9 9 9 9 9 0 0 0 0 0 0 0 0 9 1 1 1
1 1 1 1 1 9 0 0 0 0 0 0 9 1 1 1 1 1 1 1 1 1 1 1 1 1 1 1 1 1 1 1 1 1 1 1 1 1 1 1 1 1 1 1 1 1 1 1 1 1 1 1 1 1 1 1 1 1 1 1 1 1 1 1 1 1 1 1 1 1 1 1 1 1 1 9 0 0 0 0 0 0 0 0 0 0 0 0 0 0 0 0 0 0 0 0 0 0 0 0 0 0 0 0 0 0 0 0 0 0 0 9 1 1 1 9 9 0 0 0 0 0 0 0 9 1 1 9 0 0 0 0 0 0 0 0 0 0 0 0 0 0 0 1 0 0 0 0 0 0 0 0 0 0 0 0 0 0 0 0 0 0 0 0 0 0 0 0 0 0 0 0 0 0 0 0 0 0 0 0 9 9 9 9 1 1 1 9 9 0 0 0 0 0 0 1 1 1 0 0 0 0 0 0 0 0 0 0 0 0 0 0 0 0 0 0 0 0 0 0 0 0 0 0 0 0 0 0 0 0 0 59 0 0 0 0 0 0 0 1 1 1 1 1 0 0 0 0 0 0 9 9 1 1 1 1 1 1 1 1 9 0 0 0 0 0 0 0 9 1 1 1 1 1 1 1 1 1 1 1 1 1 1 1 1 1 1 9 0 0 0 0 0 0 0 0 9 1 1 1
1 1 1 1 9 9 0 0 0 0 0 0 9 1 1 1 1 1 1 1 1 1 1 1 1 1 1 1 1 1 1 1 1 1 1 1 1 1 1 1 1 1 1 1 1 1 1 1 1 1 1 1 1 1 1 1 1 1 1 1 1 1 1 1 1 1 1 1 1 1 1 1 1 1 1 9 9 0 0 0 0 0 0 0 0 0 0 0 0 0 0 0 0 0 0 0 0 0 0 0 0 0 0 0 0 0 0 0 0 0 9 9 1 1 1 9 0 0 0 0 0 0 0 0 9 1 1 9 9 9 9 9 9 9 9 9 9 9 9 9 9 9 9 9 9 9 9 9 9 9 9 9 9 9 9 9 9 9 9 9 9 9 9 9 9 9 9 9 9 9 9 9 9 9 9 9 9 9 9 9 9 1 1 1 1 1 1 9 0 0 0 0 0 0 0 0 0 0 0 0 0 0 0 0 0 0 0 0 0 0 0 0 0 0 0 0 0 0 0 0 0 0 0 0 0 0 0 0 0 0 0 59 0 0 0 0 0 0 0 0 0 0 0 0 0 0 0 0 0 0 0 9 1 1 1 1 1 1 1 1 9 9 0 0 0 0 0 0 9 1 1 1 1 1 1 1 1 1 1 1 1 1 1 1 1 1 1 9 0 0 0 0 0 0 0 0 9 1 1 1
1 1 1 1 9 0 0 0 0 0 0 0 9 1 1 1 1 1 1 1 1 1 1 1 1 1 1 1 1 1 1 1 1 1 1 1 1 1 1 1 1 1 1 1 1 1 1 1 1 1 1 1 1 1 1 1 1 1 1 1 1 1 1 1 1 1 1 1 1 1 1 1 1 1 1 1 9 9 0 0 0 0 0 0 0 0 0 0 0 0 0 0 0 0 0 0 0 0 0 0 0 0 0 0 0 0 0 0 0 9 9 1 1 1 9 9 0 9 9 9 9 0 0 0 9 1 1 1 1 1 1 1 1 1 1 1 1 1 1 1 1 1 1 1 1 1 1 1 1 1 1 1 1 1 1 1 1 1 1 1 1 1 1 1 1 1 1 1 1 1 1 1 1 1 1 1 1 1 1 1 1 1 1 1 1 1 9 9 0 0 0 0 0 0 0 0 0 0 0 0 0 0 0 0 0 0 0 0 0 9 9 9 9 0 0 0 0 0 0 0 0 0 0 0 0 0 0 0 0 0 0 59 0 0 0 0 0 0 0 0 0 0 0 0 0 0 0 0 0 0 0 9 1 1 1 1 1 1 1 1 1 9 0 0 0 0 0 0 9 1 1 9 9 9 9 9 9 9 9 9 9 9 9 9 9 9 9 9 0 0 0 0 0 0 0 0 9 1 1 1
1 1 1 9 9 0 0 0 0 0 0 0 9 1 1 1 1 1 1 1 1 1 1 1 1 1 1 1 1 1 1 1 1 1 1 1 1 1 1 1 1 1 1 1 1 1 1 1 1 1 1 1 1 1 1 1 1 1 1 1 1 1 1 1 1 1 1 1 1 1 1 1 1 1 1 1 1 9 9 9 9 9 9 9 9 9 9 9 9 9 9 9 9 9 9 9 9 9 9 9 9 9 9 9 9 9 9 9 9 9 1 1 1 1 9 0 0 9 1 1 9 0 0 0 9 1 1 1 1 1 1 1 1 1 1 1 1 1 1 1 1 1 1 1 1 1 1 1 1 1 1 1 1 1 1 1 1 1 1 1 1 1 1 1 1 1 1 1 1 1 1 1 1 1 1 1 1 1 1 1 1 1 1 9 9 9 9 0 0 0 0 0 0 0 0 0 0 0 0 0 0 0 0 0 0 0 0 0 9 9 1 1 9 0 0 0 0 0 0 0 0 0 0 0 0 0 0 0 0 0 0 59 0 0 0 0 0 0 0 0 0 0 0 0 0 0 0 0 0 0 0 9 1 1 1 1 1 1 1 1 1 9 0 0 0 0 0 0 9 1 1 9 0 0 0 0 0 0 0 0 0 0 0 0 0 0 0 0 0 0 0 0 0 0 0 0 9 1 1 1
1 1 1 9 0 0 0 0 0 0 0 0 9 1 1 1 1 1 1 1 1 1 1 1 1 1 1 1 1 1 1 1 1 1 1 1 1 1 1 1 1 1 1 1 1 1 1 1 1 1 1 1 1 1 1 1 1 1 1 1 1 1 1 1 1 1 1 1 1 1 1 1 1 1 1 1 1 1 1 1 1 1 1 1 1 1 1 1 1 1 1 1 1 1 1 1 1 1 1 1 1 1 1 1 1 1 1 1 1 1 1 1 1 9 9 0 0 9 1 1 9 0 0 0 9 9 9 9 9 9 9 9 9 9 9 9 9 9 9 9 9 9 1 1 1 1 1 1 1 1 1 1 1 1 1 1 1 1 1 1 1 1 1 1 1 1 1 1 1 1 1 1 1 9 9 9 9 9 9 9 9 9 9 9 0 0 0 0 0 0 0 0 0 0 0 0 0 0 0 0 0 0 0 0 0 0 0 9 9 1 1 1 9 0 0 0 0 0 0 0 0 0 0 0 0 0 0 0 0 0 0 59 0 0 0 0 0 0 0 0 0 0 0 0 0 0 0 0 0 0 0 9 1 1 1 1 1 1 1 1 1 9 0 0 0 0 0 0 9 1 1 9 0 0 0 0 0 0 0 0 0 0 0 0 0 0 0 0 0 0 0 0 0 192 0 0 9 1 1 1
1 1 1 9 0 0 0 0 0 0 0 0 9 1 1 1 1 1 1 1 1 1 1 1 1 1 1 1 1 1 1 1 1 1 1 1 1 1 1 1 1 1 1 1 1 1 1 1 1 1 1 1 1 1 1 1 1 1 1 1 1 1 1 1 1 1 1 1 1 1 1 1 1 1 1 1 1 1 1 1 1 1 1 1 1 1 1 1 1 1 1 1 1 1 1 1 1 1 1 1 1 1 1 1 1 1 1 1 1 1 1 1 9 9 0 0 0 9 1 1 9 0 0 0 0 0 0 0 0 0 0 0 0 0 0 0 0 0 0 0 0 9 9 9 1 1 1 1 1 1 1 1 1 1 1 1 1 1 1 1 1 1 1 1 1 1 1 1 1 1 1 1 1 9 0 0 0 0 0 0 0 0 0 0 0 0 0 0 0 0 0 0 0 0 0 0 0 0 0 0 0 0 0 0 9 9 9 9 1 1 1 1 9 0 0 0 0 0 0 0 0 0 192 0 1 0 0 0 0 0 0 59 0 0 0 0 0 0 0 0 0 0 0 0 0 0 0 0 0 0 0 9 1 1 1 1 1 1 1 1 1 9 9 0 0 0 0 0 9 1 1 9 0 0 0 0 0 0 0 0 0 0 0 0 0 0 0 0 0 0 0 0 0 1 0 0 9 1 1 1
1 1 1 9 0 0 0 0 0 0 0 0 9 1 1 1 1 1 1 1 1 1 1 1 1 1 1 1 1 1 1 1 1 1 1 1 1 1 1 1 1 1 1 1 1 1 1 1 1 1 1 9 9 9 9 9 9 9 1 1 1 1 1 1 1 1 1 1 1 1 1 1 1 1 1 1 1 1 1 1 1 1 1 1 1 1 1 1 1 1 1 1 1 1 1 1 1 1 9 9 9 9 9 9 9 9 9 9 9 9 9 9 9 0 0 0 0 9 1 1 9 0 1 1 0 0 0 0 0 0 0 0 0 0 0 0 0 0 0 0 0 0 0 9 9 1 1 1 1 1 1 1 1 1 1 1 1 1 1 1 1 1 1 1 1 1 1 1 1 1 1 1 9 9 0 0 0 0 0 0 0 0 0 0 0 0 0 0 0 0 0 0 0 0 0 0 0 0 0 0 0 0 9 9 9 1 1 1 1 1 1 1 9 9 0 0 0 0 0 0 0 0 1 1 1 0 0 0 0 0 0 59 0 0 9 9 9 9 9 9 9 9 0 0 0 0 0 0 0 0 0 9 1 1 1 1 1 1 1 1 1 1 9 0 0 0 0 0 9 1 1 9 0 0 1 0 0 0 0 0 0 0 0 0 0 0 0 0 0 0 0 0 0 0 0 0 9 1 1 1
1 1 1 9 0 0 0 0 0 0 0 0 9 1 1 1 1 1 1 1 1 1 1 1 1 1 1 1 1 1 1 1 1 1 1 1 1 1 1 1 1 1 1 1 1 1 1 1 1 1 9 9 1 192 0 0 0 9 9 9 1 1 1 1 1 1 1 1 1 1 1 1 1 1 1 1 1 1 1 1 1 1 1 1 1 1 1 1 1 1 1 1 1 1 1 9 9 9 9 0 0 0 0 0 0 0 0 0 0 0 0 0 0 0 0 0 0 9 1 1 9 0 0 0 1 192 0 0 0 0 0 0 0 0 0 0 0 0 0 0 0 0 0 0 9 9 1 1 1 1 1 1 1 1 1 1 1 1 1 1 1 1 1 1 1 1 1 1 1 1 1 9 9 0 0 0 0 0 0 0 0 192 0 0 0 0 0 0 0 0 0 0 0 0 0 0 0 0 0 0 0 9 9 1 1 1 1 1 1 1 1 1 1 9 9 0 0 0 0 0 0 1 1 0 0 0 0 0 0 0 0 59 9 9 9 1 1 1 1 1 1 9 9 0 0 0 0 0 0 0 0 9 9 1 1 1 1 1 1 1 1 1 9 9 0 0 0 0 9 1 1 9 0 0 1 192 0 0 0 0 0 0 9 9 0 0 0 0 0 0 0 0 0 0 0 0 9 1 1 1
1 1 1 9 0 0 0 0 0 0 0 9 9 1 1 1 1 1 1 1 1 1 1 1 1 1 1 1 1 1 1 1 1 1 1 1 1 1 1 1 1 1 1 1 1 1 1 1 1 9 9 0 0 1 0 0 0 0 0 9 1 1 1 1 1 1 1 1 1 1 1 1 1 1 1 1 1 1 1 1 1 1 1 1 1 1 1 1 1 1 1 1 1 1 9 9 0 0 0 192 1 0 0 0 0 0 0 0 0 0 0 0 0 0 0 0 9 9 1 1 9 9 9 0 0 1 1 0 0 0 0 0 0 0 0 0 0 0 0 0 0 0 0 0 0 9 9 9 1 1 1 1 1 1 1 1 1 1 1 1 1 1 1 1 1 1 1 1 1 9 9 9 0 0 0 0 0 0 0 1 1 1 0 0 0 0 0 0 0 0 0 0 0 0 0 0 0 0 0 9 9 9 1 1 1 1 1 1 1 1 1 1 1 1 9 9 0 0 0 0 0 0 0 0 0 0 0 0 9 9 9 9 9 1 1 1 1 1 1 1 1 1 9 0 0 0 0 0 0 0 0 0 9 1 1 1 1 1 1 1 1 1 1 9 9 0 0 0 9 1 1 9 0 0 1 1 0 0 0 0 0 0 9 9 0 0 0 0 0 0 0 0 0 0 0 0 9 1 1 1
1 1 1 9 0 0 0 0 0 0 0 9 1 1 1 1 1 1 1 1 1 1 1 1 1 1 1 1 1 1 1 1 1 1 1 1 1 1 1 1 1 1 1 1 1 1 1 1 9 9 0 0 0 0 0 0 0 0 0 9 9 1 1 1 1 1 1 1 1 1 1 1 1 1 1 1 1 1 1 1 1 1 1 1 1 1 1 1 1 1 1 1 1 9 9 0 0 0 0 1 1 0 0 0 0 0 0 0 0 0 0 0 0 0 0 0 9 1 1 1 1 1 9 9 0 0 0 0 0 0 0 0 0 0 0 0 0 0 0 0 0 0 0 0 0 0 0 9 9 9 1 1 1 1 1 1 1 1 1 1 1 1 1 1 1 1 1 1 9 9 0 0 0 0 0 0 0 0 0 0 0 1 0 0 0 0 0 0 0 0 0 0 0 0 0 0 9 9 9 9 1 1 1 1 1 1 1 1 1 1 1 1 1 1 1 9 9 9 0 0 0 0 0 0 0 9 9 9 9 1 1 1 1 1 1 1 1 1 1 1 1 1 9 9 9 9 0 0 0 0 0 0 9 9 9 1 1 1 1 1 1 1 1 1 9 0 0 0 9 1 1 9 0 0 0 0 0 0 0 0 0 0 9 9 9 9 9 9 9 9 9 9 9 9 9 9 9 1 1 1
1 1 1 9 0 0 0 0 0 0 0 9 1 1 1 1 1 1 1 1 1 1 1 1 1 1 1 1 1 1 1 1 1 1 1 1 1 1 1 1 1 1 1 1 1 1 9 9 9 0 0 0 0 0 0 0 0 0 0 0 9 1 1 1 1 1 1 1 1 1 1 1 1 1 1 1 1 1 1 1 1 1 1 1 1 1 1 1 1 1 1 9 9 9 0 0 0 0 0 0 0 0 0 0 0 0 0 0 0 0 0 0 192 0 0 0 9 1 1 1 1 1 1 9 9 9 0 0 0 0 0 0 0 0 0 0 0 0 0 0 0 0 0 0 0 0 0 0 0 9 9 9 9 9 9 9 9 9 9 9 9 9 9 9 9 9 9 9 9 0 0 0 0 0 0 0 0 0 0 0 0 0 0 0 0 0 0 0 0 0 0 0 0 0 0 9 9 1 1 1 1 1 1 1 1 1 1 1 1 1 1 1 1 1 1 1 1 9 0 0 0 0 0 9 9 9 1 1 1 1 1 1 1 1 1 1 1 1 1 1 1 1 1 1 1 9 9 0 0 0 0 0 0 0 9 9 9 1 1 1 1 1 1 1 9 0 0 0 9 1 1 9 0 0 1 0 0 0 0 0 0 0 9 1 1 1 1 1 1 1 1 1 1 1 1 1 1 1 1 1
1 1 1 9 0 0 0 0 0 0 0 9 9 1 1 1 1 1 1 1 1 1 1 1 1 1 1 1 1 1 1 1 1 1 1 1 1 1 1 1 1 1 1 1 1 9 9 0 0 0 0 0 0 0 0 0 0 0 0 0 9 9 1 1 1 1 1 1 1 1 1 1 1 1 1 1 1 1 1 1 1 1 1 1 1 1 1 1 1 1 9 9 0 0 0 0 0 0 0 0 0 0 0 0 0 0 0 0 0 0 0 0 1 1 0 9 9 1 1 1 1 1 1 1 1 9 9 9 0 0 0 0 0 0 0 0 0 0 0 0 0 0 0 0 0 0 0 0 0 0 0 0 0 0 0 0 0 0 0 0 0 0 0 0 0 0 0 0 0 0 0 0 0 0 0 0 0 0 0 0 0 0 0 0 0 0 0 0 0 0 0 0 0 0 9 9 1 1 1 1 1 1 1 1 1 1 1 1 1 1 1 1 1 1 1 1 1 9 9 9 0 9 9 9 1 1 1 1 1 1 1 1 1 1 1 1 1 1 1 1 1 1 1 1 1 1 9 9 0 0 0 0 0 0 0 0 9 1 1 1 1 1 1 1 9 0 0 0 9 1 1 9 0 1 192 0 0 0 0 0 0 0 9 1 1 1 1 1 1 1 1 1 1 1 1 1 1 1 1 1
1 1 1 9 0 0 0 0 0 0 0 0 9 1 1 1 1 1 1 1 1 1 1 1 1 1 1 1 1 1 1 1 1 1 1 1 1 1 1 1 1 1 1 1 9 9 0 0 0 0 0 0 9 9 9 9 0 0 0 0 0 9 9 9 9 1 1 1 1 1 1 1 1 1 1 1 1 1 1 1 1 1 1 1 1 1 1 1 1 9 9 0 0 0 0 0 0 0 0 0 0 0 0 0 0 0 0 0 0 0 1 1 0 0 0 9 1 1 1 1 1 1 1 1 1 1 1 9 9 9 9 9 9 9 9 9 9 9 0 0 0 0 0 0 0 0 0 0 0 0 0 0 0 0 0 0 0 0 0 0 0 0 0 0 0 0 0 0 0 0 0 0 0 0 0 0 0 0 0 0 0 0 0 0 0 0 0 0 0 0 0 0 9 9 9 1 1 1 1 1 1 1 1 1 1 1 1 1 1 1 1 1 1 1 1 1 1 1 1 9 9 9 1 1 1 1 1 1 1 1 1 1 1 1 1 1 1 1 1 1 1 1 1 1 1 1 1 9 0 0 0 192 0 0 0 0 9 9 9 9 9 9 9 9 9 0 0 0 9 1 1 9 0 0 1 0 0 0 0 0 0 0 9 9 9 9 9 9 9 9 1 1 1 0 0 0 0 1 1 1
1 1 1 9 0 0 0 0 0 0 0 0 9 1 1 1 1 1 1 1 1 1 1 1 1 1 1 1 1 1 1 1 1 1 1 1 1 1 1 1 1 1 9 9 9 0 0 0 0 0 9 9 9 1 1 9 0 0 0 0 0 0 0 0 9 9 1 1 1 1 1 1 1 1 1 1 1 1 1 1 1 1 1 1 1 1 1 1 9 9 0 0 0 0 0 0 0 0 0 0 0 0 0 0 0 0 0 0 0 0 0 0 0 0 9 9 1 1 1 1 1 1 1 1 1 1 1 1 1 1 1 1 1 1 1 1 1 9 9 0 0 0 0 0 0 0 0 0 0 0 0 0 0 0 0 0 0 0 0 0 0 0 0 0 0 0 0 0 0 0 0 0 0 0 0 0 0 0 0 0 0 0 0 0 0 0 0 0 0 0 9 9 9 1 1 1 1 1 1 1 1 1 1 1 1 1 1 1 1 1 1 1 1 1 1 1 1 1 1 1 1 1 1 1 1 1 1 1 1 1 1 1 1 1 1 1 1 1 1 1 1 1 1 1 1 1 1 9 9 0 1 1 0 0 0 0 0 0 0 0 0 0 0 0 0 0 0 0 9 1 1 9 0 0 0 0 0 0 0 0 0 0 0 0 0 0 0 0 0 0 1 1 1 0 0 0 0 1 1 1
1 1 1 9 0 0 0 0 0 0 0 0 9 1 1 1 1 1 1 1 1 1 1 1 1 1 1 1 1 1 1 1 1 1 1 1 1 1 1 1 9 9 9 0 0 0 0 0 0 9 9 1 1 1 1 9 0 0 0 0 0 0 0 0 0 9 9 1 1 1 1 1 1 1 1 1 1 1 1 1 1 1 1 1 1 1 1 9 9 0 0 0 0 0 0 0 0 0 0 0 0 0 0 0 0 9 9 9 9 9 9 9 9 9 9 1 1 1 1 1 1 1 1 1 1 1 1 1 1 1 1 1 1 1 1 1 1 1 9 9 9 0 0 0 0 0 0 0 0 192 0 0 0 0 0 0 0 0 0 0 0 0 0 0 0 0 0 0 0 0 0 0 0 0 0 0 0 0 0 0 0 0 0 0 0 0 0 0 9 9 9 1 1 1 1 1 1 1 1 1 1 1 1 1 1 1 1 1 1 1 1 1 1 1 1 1 1 1 1 1 1 1 1 1 1 1 1 1 1 1 1 1 1 1 1 1 1 1 1 1 1 1 1 1 1 1 1 1 9 0 0 0 0 0 0 0 0 0 0 0 0 0 0 0 0 0 0 0 9 1 1 9 9 9 9 9 9 9 9 9 0 0 0 0 0 0 0 0 0 0 1 1 1 0 0 0 0 1 1 1
1 1 1 9 0 0 0 0 0 0 0 0 9 1 1 1 1 1 1 1 1 1 1 1 1 9 9 9 9 9 9 9 9 9 9 9 9 9 9 9 9 0 0 0 0 0 0 0 9 9 1 1 1 1 1 9 0 0 0 0 0 0 0 0 0 0 9 9 9 9 9 9 9 9 9 9 9 9 9 9 9 9 9 9 9 9 9 9 0 0 0 0 0 0 0 0 0 9 9 9 9 9 9 9 9 9 1 1 1 1 1 1 1 1 1 1 1 1 1 1 1 1 1 1 1 1 1 1 1 1 1 1 1 1 1 1 1 1 1 1 9 9 0 0 0 0 0 1 1 1 0 0 0 0 0 0 0 0 0 0 0 0 0 0 0 192 0 0 0 0 0 0 0 0 0 0 0 0 0 0 0 0 0 0 0 0 9 9 9 1 1 1 1 1 1 1 1 1 1 1 1 1 1 1 1 1 1 1 1 1 1 1 1 1 1 1 1 1 1 1 1 1 1 1 1 1 1 1 1 1 1 1 1 1 1 1 1 1 1 1 1 1 1 1 1 1 1 1 9 9 0 0 0 0 0 0 0 0 0 0 0 0 0 0 0 0 0 0 9 1 1 1 1 1 1 1 1 1 1 9 0 0 0 0 0 0 0 0 0 0 1 1 1 0 0 0 0 1 1 1
1 1 1 9 0 0 0 0 0 0 0 0 9 9 9 9 9 9 9 9 9 9 9 9 9 9 0 0 0 0 0 0 0 0 0 0 0 0 0 0 0 0 0 0 0 0 0 9 9 1 1 1 1 1 1 9 0 0 0 0 0 0 0 0 0 0 0 0 0 58 0 0 0 0 0 0 0 0 0 0 0 0 0 0 0 0 0 0 0 0 0 0 0 0 0 0 0 9 1 1 1 1 1 1 1 1 1 1 1 1 1 1 1 1 1 1 1 1 1 1 1 1 1 1 1 1 1 1 1 1 1 1 1 1 1 1 1 1 1 1 1 9 9 9 9 0 0 0 0 1 0 0 0 0 0 0 0 0 0 0 0 0 0 0 0 1 0 0 0 0 0 192 1 0 0 0 0 0 0 0 0 0 0 0 9 9 9 1 1 1 1 1 1 1 1 1 1 1 1 1 1 1 1 1 1 1 1 1 1 1 1 1 1 1 1 1 1 1 1 1 1 1 1 1 1 1 1 1 1 1 1 1 1 1 1 1 1 1 1 1 1 1 1 1 1 1 1 1 1 9 9 0 0 0 0 0 0 0 192 0 0 0 0 0 0 0 0 0 9 1 1 1 1 1 1 1 1 1 1 9 0 0 0 0 0 0 0 0 0 0 1 1 1 0 0 0 0 1 1 1
1 1 1 9 9 0 0 0 0 0 0 0 0 0 0 0 0 0 0 0 0 0 0 0 0 0 0 0 0 0 0 0 0 0 0 0 0 0 0 0 0 0 0 0 0 0 9 9 1 1 1 1 1 1 1 9 9 0 0 0 0 0 0 0 0 0 0 0 0 58 0 0 0 0 0 0 0 0 0 0 0 0 0 0 0 0 0 0 0 0 0 0 0 0 0 9 9 9 1 1 1 1 1 1 1 1 1 1 1 1 1 1 1 1 1 1 1 1 1 1 1 1 1 1 1 1 1 1 1 1 1 1 1 1 1 1 1 1 1 1 1 1 1 1 9 9 9 9 9 0 0 0 0 0 0 0 0 0 0 0 0 0 0 0 0 0 0 0 0 0 0 1 1 0 0 0 0 0 0 0 0 9 9 9 9 1 1 1 1 1 1 1 1 1 1 1 1 1 1 1 1 1 1 1 1 1 1 1 1 1 1 1 1 1 1 1 1 1 1 1 1 1 1 1 1 1 1 1 1 1 1 1 1 1 1 1 1 1 1 1 1 1 1 1 1 1 1 1 1 1 9 9 9 9 0 0 0 1 1 1 1 0 0 0 0 0 0 0 9 1 1 1 1 1 1 1 1 1 1 9 9 9 9 9 9 9 9 9 0 0 1 1 1 0 0 0 0 1 1 1
1 1 1 1 9 1 0 0 192 0 0 0 0 0 0 0 0 0 0 0 0 0 0 0 0 0 0 0 0 0 0 0 0 0 0 0 0 0 0 0 0 0 0 0 0 0 9 1 1 1 1 1 1 1 1 1 9 0 0 1 1 192 0 0 0 0 0 0 0 58 0 0 0 0 0 0 0 0 0 0 0 0 0 0 0 0 0 0 0 0 0 0 0 0 0 9 1 1 1 1 1 1 1 1 1 1 1 1 1 1 1 1 1 1 1 1 1 1 1 1 1 1 1 1 1 1 1 1 1 1 1 1 1 1 1 1 1 1 1 1 1 1 1 1 1 1 1 1 9 9 9 9 0 0 0 0 0 0 0 0 0 0 0 0 0 0 0 0 0 0 0 0 0 0 0 0 0 9 9 9 9 9 1 1 1 1 1 1 1 1 1 1 1 1 1 1 1 1 1 1 1 1 1 1 1 1 1 1 1 1 1 1 1 1 1 1 1 1 1 1 1 1 1 1 1 1 1 1 1 1 1 1 1 1 1 1 1 1 1 1 1 1 1 1 1 1 1 1 1 1 1 1 1 9 9 9 9 9 9 9 9 9 9 9 9 9 9 9 9 1 1 1 1 1 1 1 1 1 1 1 1 1 1 1 1 1 1 1 0 0 1 1 1 0 0 0 0 1 1 1
1 1 1 1 9 9 1 1 1 1 1 1 0 0 0 0 0 0 0 0 0 0 0 0 0 0 0 0 0 0 0 0 0 0 0 0 0 0 0 0 0 0 0 0 0 9 9 1 1 1 1 1 1 1 1 1 9 0 0 0 0 1 0 0 0 0 0 0 0 58 0 0 0 0 0 0 0 0 0 0 0 0 0 0 0 0 0 0 0 0 0 0 0 9 9 9 1 1 1 1 1 1 1 1 1 1 1 1 1 1 1 1 1 1 1 1 1 1 1 1 1 1 1 1 1 1 1 1 1 1 1 1 1 1 1 1 1 1 1 1 1 1 1 1 1 1 1 1 1 1 1 9 9 9 9 9 9 9 0 0 0 0 0 0 0 0 0 0 0 0 0 0 9 9 9 9 9 9 1 1 1 1 1 1 1 1 1 1 1 1 1 1 1 1 1 1 1 1 1 1 1 1 1 1 1 1 1 1 1 1 1 1 1 1 1 1 1 1 1 1 1 1 1 1 1 1 1 1 1 1 1 1 1 1 1 1 1 1 1 1 1 1 1 1 1 1 1 1 1 1 1 1 1 1 1 1 1 1 1 1 1 1 1 1 1 1 1 1 1 1 1 1 1 1 1 1 1 1 1 1 1 1 1 1 1 1 1 1 0 0 1 1 1 0 0 0 0 1 1 1
1 1 1 1 1 9 0 0 0 0 0 0 0 0 0 0 0 0 0 0 0 0 0 0 0 0 0 0 0 0 0 0 0 0 0 0 0 0 0 0 0 0 0 0 9 9 1 1 1 1 1 1 1 1 1 1 9 9 0 0 0 1 0 0 0 0 0 0 0 58 0 0 0 0 0 0 0 0 0 0 0 0 0 0 0 0 0 0 0 0 0 0 0 9 1 1 1 1 1 1 1 1 1 1 1 1 1 1 1 1 1 1 1 1 1 1 1 1 1 1 1 1 1 1 1 1 1 1 1 1 1 1 1 1 1 1 1 1 1 1 1 1 1 1 1 1 1 1 1 1 1 1 1 1 1 1 1 9 9 9 9 9 9 9 0 9 9 9 9 9 9 9 9 1 1 1 1 1 1 1 1 1 1 1 1 1 1 1 1 1 1 1 1 1 1 1 1 1 1 1 1 1 1 1 1 1 1 1 1 1 1 1 1 1 1 1 1 1 1 1 1 1 1 1 1 1 1 1 1 1 1 1 1 1 1 1 1 1 1 1 1 1 1 1 1 1 1 1 1 1 1 1 1 1 1 1 1 1 1 1 1 1 1 1 1 1 1 1 1 1 1 0 0 0 0 0 0 0 0 0 0 0 0 0 0 0 0 0 0 0 1 1 1 0 0 0 0 1 1 1
1 1 1 1 1 9 0 0 0 0 0 0 0 0 0 0 0 0 0 0 0 0 0 0 0 0 0 0 0 0 0 0 0 0 0 0 0 0 0 0 192 0 0 0 9 1 1 1 1 1 1 1 1 1 1 1 1 9 0 0 0 0 0 0 0 0 0 0 0 58 0 0 0 0 0 0 0 0 0 0 0 0 0 0 0 0 0 0 0 0 0 9 9 9 1 1 1 1 1 1 1 1 1 1 1 1 1 1 1 1 1 1 1 1 1 1 1 1 1 1 1 1 1 1 1 1 1 1 1 1 1 1 1 1 1 1 1 1 1 1 1 1 1 1 1 1 1 1 1 1 1 1 1 1 1 1 1 1 1 1 1 1 1 9 9 9 1 1 1 1 1 1 1 1 1 1 1 1 1 1 1 1 1 1 1 1 1 1 1 1 1 1 1 1 1 1 1 1 1 1 1 1 1 1 1 1 1 1 1 1 1 1 1 1 1 1 1 1 1 1 1 1 1 1 1 1 1 1 1 1 1 1 1 1 1 1 1 1 1 1 1 1 1 1 1 1 1 1 1 1 1 1 1 1 1 1 1 1 1 1 1 1 1 1 1 1 1 1 1 1 1 0 0 0 0 0 0 0 0 0 0 0 0 0 0 0 0 0 0 0 1 1 1 0 0 0 0 1 1 1
1 1 1 1 1 9 9 0 0 0 0 0 0 0 0 0 0 0 0 0 0 0 0 0 0 0 0 0 0 0 0 0 0 0 0 0 0 0 1 1 1 1 0 0 9 1 1 1 1 1 1 1 1 1 1 1 1 9 9 0 0 0 0 0 0 0 0 0 0 58 0 0 0 0 0 0 0 0 0 0 0 0 0 0 0 0 0 0 0 0 9 9 1 1 1 1 1 1 1 1 1 1 1 1 1 1 1 1 1 1 1 1 1 1 1 1 1 1 1 1 1 1 1 1 1 1 1 1 1 1 1 1 1 1 1 1 1 1 1 1 1 1 1 1 1 1 1 1 1 1 1 1 1 1 1 1 1 1 1 1 1 1 1 1 1 1 1 1 1 1 1 1 1 1 1 1 1 1 1 1 1 1 1 1 1 1 1 1 1 1 1 1 1 1 1 1 1 1 1 1 1 1 1 1 1 1 1 1 1 1 1 1 1 1 1 1 1 1 1 1 1 1 1 1 1 1 1 1 1 1 1 1 1 1 1 1 1 1 1 1 1 1 1 1 1 1 1 1 1 1 1 1 1 1 1 1 1 1 1 1 1 1 1 1 1 1 1 1 1 1 1 0 0 0 0 0 0 0 0 0 0 0 0 0 0 0 0 0 0 0 1 1 1 0 0 0 0 1 1 1
1 1 1 1 1 1 9 9 0 0 0 0 0 0 0 0 0 0 0 0 0 0 0 192 192 0 0 0 0 0 0 0 0 0 0 0 0 0 0 0 0 0 9 9 9 1 1 1 1 1 1 1 1 1 1 1 1 1 9 9 0 0 0 0 0 0 0 0 0 58 0 0 0 0 0 0 0 192 1 1 0 0 0 0 0 0 0 0 9 9 9 1 1 1 1 1 1 1 1 1 1 1 1 1 1 1 1 1 1 1 1 1 1 1 1 1 1 1 1 1 1 1 1 1 1 1 1 1 1 1 1 1 1 1 1 1 1 1 1 1 1 1 1 1 1 1 1 1 1 1 1 1 1 1 1 1 1 1 1 1 1 1 1 1 1 1 1 1 1 1 1 1 1 1 1 1 1 1 1 1 1 1 1 1 1 1 1 1 1 1 1 1 1 1 1 1 1 1 1 1 1 1 1 1 1 1 1 1 1 1 1 1 1 1 1 1 1 1 1 1 1 1 1 1 1 1 1 1 1 1 1 1 1 1 1 1 1 1 1 1 1 1 1 1 1 1 1 1 1 1 1 1 1 1 1 1 1 1 1 1 1 1 1 1 1 1 1 1 1 1 1 0 0 0 0 1 1 1 1 1 1 1 1 1 1 1 1 1 1 1 1 1 1 0 0 0 0 1 1 1
1 1 1 1 1 1 1 9 9 9 0 0 0 0 0 0 0 0 0 0 0 0 0 1 1 0 0 0 0 0 0 0 0 0 0 0 0 0 0 9 9 9 9 1 1 1 1 1 1 1 1 1 1 1 1 1 1 1 1 9 0 0 0 0 0 0 0 0 0 58 0 0 0 0 0 1 1 1 1 0 0 0 0 0 0 0 0 0 9 1 1 1 1 1 1 1 1 1 1 1 1 1 1 1 1 1 1 1 1 1 1 1 1 1 1 1 1 1 1 1 1 1 1 1 1 1 1 1 1 1 1 1 1 1 1 1 1 1 1 1 1 1 1 1 1 1 1 1 1 1 1 1 1 1 1 1 1 1 1 1 1 1 1 1 1 1 1 1 1 1 1 1 1 1 1 1 1 1 1 1 1 1 1 1 1 1 1 1 1 1 1 1 1 1 1 1 1 1 1 1 1 1 1 1 1 1 1 1 1 1 1 1 1 1 1 1 1 1 1 1 1 1 1 1 1 1 1 1 1 1 1 1 1 1 1 1 1 1 1 1 1 1 1 1 1 1 1 1 1 1 1 1 1 1 1 1 1 1 1 1 1 1 1 1 1 1 1 1 1 1 1 0 0 0 0 1 1 1 1 1 1 1 1 1 1 1 1 1 1 1 1 1 1 0 0 0 0 1 1 1
1 1 1 1 1 1 1 1 1 9 9 0 0 0 0 0 0 0 0 0 0 0 0 1 0 0 0 0 0 0 0 0 0 0 0 9 9 9 9 9 1 1 1 1 1 1 1 1 1 1 1 1 1 1 1 1 1 1 1 9 9 9 0 0 0 0 0 0 0 58 0 0 0 0 0 0 0 0 0 0 0 0 0 0 9 9 9 9 9 1 1 1 1 1 1 1 1 1 1 1 1 1 1 1 1 1 1 1 1 1 1 1 1 1 1 1 1 1 1 1 1 1 1 1 1 1 1 1 1 1 1 1 1 1 1 1 1 1 1 1 1 1 1 1 1 1 1 1 1 1 1 1 1 1 1 1 1 1 1 1 1 1 1 1 1 1 1 1 1 1 1 1 1 1 1 1 1 1 1 1 1 1 1 1 1 1 1 1 1 1 1 1 1 1 1 1 1 1 1 1 1 1 1 1 1 1 1 1 1 1 1 1 1 1 1 1 1 1 1 1 1 1 1 1 1 1 1 1 1 1 1 1 1 1 1 1 1 1 1 1 1 1 1 1 1 1 1 1 1 1 1 1 1 1 1 1 1 1 1 1 1 1 1 1 1 1 1 1 1 1 1 0 0 0 0 0 34 34 0 0 0 0 0 0 0 0 0 0 0 0 0 0 0 0 0 0 0 1 1 1
1 1 1 1 1 1 1 1 1 1 9 9 9 0 0 0 0 0 0 0 0 0 0 0 0 0 9 9 9 9 9 9 9 9 9 9 1 1 1 1 1 1 1 1 1 1 1 1 1 1 1 1 1 1 1 1 1 1 1 1 1 9 9 0 0 0 0 0 0 58 0 0 0 0 0 0 0 0 0 0 9 9 9 9 9 1 1 1 1 1 1 1 1 1 1 1 1 1 1 1 1 1 1 1 1 1 1 1 1 1 1 1 1 1 1 1 1 1 1 1 1 1 1 1 1 1 1 1 1 1 1 1 1 1 1 1 1 1 1 1 1 1 1 1 1 1 1 1 1 1 1 1 1 1 1 1 1 1 1 1 1 1 1 1 1 1 1 1 1 1 1 1 1 1 1 1 1 1 1 1 1 1 1 1 1 1 1 1 1 1 1 1 1 1 1 1 1 1 1 1 1 1 1 1 1 1 1 1 1 1 1 1 1 1 1 1 1 1 1 1 1 1 1 1 1 1 1 1 1 1 1 1 1 1 1 1 1 1 1 1 1 1 1 1 1 1 1 1 1 1 1 1 1 1 1 1 1 1 1 1 1 1 1 1 1 1 1 1 1 1 1 0 0 0 0 0 34 34 0 0 0 0 0 0 0 0 0 0 0 0 0 0 0 0 0 0 0 1 1 1
1 1 1 1 1 1 1 1 1 1 1 1 9 9 9 9 9 9 9 9 9 9 9 9 9 9 9 1 1 1 1 1 1 1 1 1 1 1 1 1 1 1 1 1 1 1 1 1 1 1 1 1 1 1 1 1 1 1 1 1 1 1 9 9 9 9 9 9 9 9 9 9 9 9 9 9 9 9 9 9 9 1 1 1 1 1 1 1 1 1 1 1 1 1 1 1 1 1 1 1 1 1 1 1 1 1 1 1 1 1 1 1 1 1 1 1 1 1 1 1 1 1 1 1 1 1 1 1 1 1 1 1 1 1 1 1 1 1 1 1 1 1 1 1 1 1 1 1 1 1 1 1 1 1 1 1 1 1 1 1 1 1 1 1 1 1 1 1 1 1 1 1 1 1 1 1 1 1 1 1 1 1 1 1 1 1 1 1 1 1 1 1 1 1 1 1 1 1 1 1 1 1 1 1 1 1 1 1 1 1 1 1 1 1 1 1 1 1 1 1 1 1 1 1 1 1 1 1 1 1 1 1 1 1 1 1 1 1 1 1 1 1 1 1 1 1 1 1 1 1 1 1 1 1 1 1 1 1 1 1 1 1 1 1 1 1 1 1 1 1 1 0 0 0 0 0 34 34 0 0 0 0 0 0 1 1 0 0 199 0 0 200 0 0 202 0 0 1 1 1
1 1 1 1 1 1 1 1 1 1 1 1 1 1 1 1 1 1 1 1 1 1 9 9 1 1 1 1 1 1 1 1 1 1 1 1 1 1 1 1 1 1 1 1 1 1 1 1 1 1 1 1 1 1 1 1 1 1 1 1 1 1 1 1 1 1 1 1 1 1 1 1 1 1 1 1 1 1 1 1 1 1 1 1 1 1 1 1 1 1 1 1 1 1 1 1 1 1 1 1 1 1 1 1 1 1 1 1 1 1 1 1 1 1 1 1 1 1 1 1 1 1 1 1 1 1 1 1 1 1 1 1 1 1 1 1 1 1 1 1 1 1 1 1 1 1 1 1 1 1 1 1 1 1 1 1 1 1 1 1 1 1 1 1 1 1 1 1 1 1 1 1 1 1 1 1 1 1 1 1 1 1 1 1 1 1 1 1 1 1 1 1 1 1 1 1 1 1 1 1 1 1 1 1 1 1 1 1 1 1 1 1 1 1 1 1 1 1 1 1 1 1 1 1 1 1 1 1 1 1 1 1 1 1 1 1 1 1 1 1 1 1 1 1 1 1 1 1 1 1 1 1 1 1 1 1 1 1 1 1 1 1 1 1 1 1 1 1 1 1 1 0 0 0 0 0 34 34 0 0 0 0 0 0 1 1 0 0 0 0 0 0 0 0 0 0 0 1 1 1
1 1 1 1 1 1 1 1 1 1 1 1 1 1 1 1 1 1 1 1 1 1 1 1 1 1 1 1 1 1 1 1 1 1 1 1 1 1 1 1 1 1 1 1 1 1 1 1 1 1 1 1 1 1 1 1 1 1 1 1 1 1 1 1 1 1 1 1 1 1 1 1 1 1 1 1 1 1 1 1 1 1 1 1 1 1 1 1 1 1 1 1 1 1 1 1 1 1 1 1 1 1 1 1 1 1 1 1 1 1 1 1 1 1 1 1 1 1 1 1 1 1 1 1 1 1 1 1 1 1 1 1 1 1 1 1 1 1 1 1 1 1 1 1 1 1 1 1 1 1 1 1 1 1 1 1 1 1 1 1 1 1 1 1 1 1 1 1 1 1 1 1 1 1 1 1 1 1 1 1 1 1 1 1 1 1 1 1 1 1 1 1 1 1 1 1 1 1 1 1 1 1 1 1 1 1 1 1 1 1 1 1 1 1 1 1 1 1 1 1 1 1 1 1 1 1 1 1 1 1 1 1 1 1 1 1 1 1 1 1 1 1 1 1 1 1 1 1 1 1 1 1 1 1 1 1 1 1 1 1 1 1 1 1 1 1 1 1 1 1 1 1 1 1 1 1 1 1 1 1 1 1 1 1 1 1 1 1 1 1 1 1 1 1 1 1 1 1 1 1
1 1 1 1 1 1 1 1 1 1 1 1 1 1 1 1 1 1 1 1 1 1 1 1 1 1 1 1 1 1 1 1 1 1 1 1 1 1 1 1 1 1 1 1 1 1 1 1 1 1 1 1 1 1 1 1 1 1 1 1 1 1 1 1 1 1 1 1 1 1 1 1 1 1 1 1 1 1 1 1 1 1 1 1 1 1 1 1 1 1 1 1 1 1 1 1 1 1 1 1 1 1 1 1 1 1 1 1 1 1 1 1 1 1 1 1 1 1 1 1 1 1 1 1 1 1 1 1 1 1 1 1 1 1 1 1 1 1 1 1 1 1 1 1 1 1 1 1 1 1 1 1 1 1 1 1 1 1 1 1 1 1 1 1 1 1 1 1 1 1 1 1 1 1 1 1 1 1 1 1 1 1 1 1 1 1 1 1 1 1 1 1 1 1 1 1 1 1 1 1 1 1 1 1 1 1 1 1 1 1 1 1 1 1 1 1 1 1 1 1 1 1 1 1 1 1 1 1 1 1 1 1 1 1 1 1 1 1 1 1 1 1 1 1 1 1 1 1 1 1 1 1 1 1 1 1 1 1 1 1 1 1 1 1 1 1 1 1 1 1 1 1 1 1 1 1 1 1 1 1 1 1 1 1 1 1 1 1 1 1 1 1 1 1 1 1 1 1 1 1
1 1 1 1 1 1 1 1 1 1 1 1 1 1 1 1 1 1 1 1 1 1 1 1 1 1 1 1 1 1 1 1 1 1 1 1 1 1 1 1 1 1 1 1 1 1 1 1 1 1 1 1 1 1 1 1 1 1 1 1 1 1 1 1 1 1 1 1 1 1 1 1 1 1 1 1 1 1 1 1 1 1 1 1 1 1 1 1 1 1 1 1 1 1 1 1 1 1 1 1 1 1 1 1 1 1 1 1 1 1 1 1 1 1 1 1 1 1 1 1 1 1 1 1 1 1 1 1 1 1 1 1 1 1 1 1 1 1 1 1 1 1 1 1 1 1 1 1 1 1 1 1 1 1 1 1 1 1 1 1 1 1 1 1 1 1 1 1 1 1 1 1 1 1 1 1 1 1 1 1 1 1 1 1 1 1 1 1 1 1 1 1 1 1 1 1 1 1 1 1 1 1 1 1 1 1 1 1 1 1 1 1 1 1 1 1 1 1 1 1 1 1 1 1 1 1 1 1 1 1 1 1 1 1 1 1 1 1 1 1 1 1 1 1 1 1 1 1 1 1 1 1 1 1 1 1 1 1 1 1 1 1 1 1 1 1 1 1 1 1 1 1 1 1 1 1 1 1 1 1 1 1 1 1 1 1 1 1 1 1 1 1 1 1 1 1 1 1 1 1
